BC03 Z=0.0200 t(yr)=  3.00E+06
 1.000E+00 = U (heating rate factor)
 5.994E-13 = u( h nu < 13.6eV) (erg cm-3)
 1.822E-13 = u_starlight( h nu < 13.6eV) (erg cm-3)
 9.830E-04 = <h nu> (eV)
 lambda lambda*u_lambda
   (um)    (erg cm-3)
 9.120E-02 6.729E-14
 9.162E-02 7.534E-14
 9.203E-02 1.067E-13
 9.245E-02 1.385E-13
 9.288E-02 1.685E-13
 9.330E-02 1.985E-13
 9.373E-02 2.233E-13
 9.415E-02 2.434E-13
 9.458E-02 2.618E-13
 9.502E-02 2.721E-13
 9.545E-02 2.826E-13
 9.589E-02 2.928E-13
 9.632E-02 3.032E-13
 9.676E-02 2.666E-13
 9.720E-02 1.976E-13
 9.765E-02 1.651E-13
 9.809E-02 2.071E-13
 9.854E-02 2.448E-13
 9.899E-02 2.349E-13
 9.944E-02 2.249E-13
 9.990E-02 2.353E-13
 1.004E-01 2.487E-13
 1.008E-01 2.574E-13
 1.013E-01 2.639E-13
 1.017E-01 2.563E-13
 1.022E-01 2.347E-13
 1.027E-01 2.272E-13
 1.031E-01 2.462E-13
 1.036E-01 2.654E-13
 1.041E-01 2.846E-13
 1.046E-01 3.013E-13
 1.050E-01 2.955E-13
 1.055E-01 2.895E-13
 1.060E-01 2.741E-13
 1.065E-01 2.584E-13
 1.070E-01 2.621E-13
 1.074E-01 2.668E-13
 1.079E-01 2.596E-13
 1.084E-01 2.508E-13
 1.089E-01 2.575E-13
 1.094E-01 2.668E-13
 1.099E-01 2.640E-13
 1.104E-01 2.589E-13
 1.109E-01 2.569E-13
 1.114E-01 2.554E-13
 1.119E-01 2.426E-13
 1.125E-01 2.281E-13
 1.130E-01 2.384E-13
 1.135E-01 2.513E-13
 1.140E-01 2.485E-13
 1.145E-01 2.451E-13
 1.150E-01 2.407E-13
 1.156E-01 2.362E-13
 1.161E-01 2.315E-13
 1.166E-01 2.194E-13
 1.172E-01 1.838E-13
 1.177E-01 1.712E-13
 1.182E-01 1.991E-13
 1.188E-01 2.106E-13
 1.193E-01 2.059E-13
 1.199E-01 2.009E-13
 1.204E-01 1.958E-13
 1.210E-01 1.809E-13
 1.215E-01 1.643E-13
 1.221E-01 1.809E-13
 1.226E-01 1.957E-13
 1.232E-01 2.037E-13
 1.237E-01 2.080E-13
 1.243E-01 2.076E-13
 1.249E-01 2.063E-13
 1.254E-01 2.045E-13
 1.260E-01 2.066E-13
 1.266E-01 2.093E-13
 1.272E-01 2.138E-13
 1.278E-01 2.166E-13
 1.283E-01 2.170E-13
 1.289E-01 2.120E-13
 1.295E-01 2.050E-13
 1.301E-01 2.043E-13
 1.307E-01 2.063E-13
 1.313E-01 2.135E-13
 1.319E-01 2.134E-13
 1.325E-01 2.094E-13
 1.331E-01 2.064E-13
 1.337E-01 2.050E-13
 1.343E-01 2.064E-13
 1.349E-01 2.045E-13
 1.355E-01 2.011E-13
 1.362E-01 1.967E-13
 1.368E-01 1.929E-13
 1.374E-01 1.897E-13
 1.380E-01 1.872E-13
 1.387E-01 1.769E-13
 1.393E-01 1.447E-13
 1.399E-01 1.281E-13
 1.406E-01 1.240E-13
 1.412E-01 1.609E-13
 1.419E-01 1.729E-13
 1.425E-01 1.653E-13
 1.432E-01 1.721E-13
 1.438E-01 1.748E-13
 1.445E-01 1.733E-13
 1.451E-01 1.697E-13
 1.458E-01 1.656E-13
 1.465E-01 1.631E-13
 1.471E-01 1.639E-13
 1.478E-01 1.649E-13
 1.485E-01 1.657E-13
 1.491E-01 1.631E-13
 1.498E-01 1.604E-13
 1.505E-01 1.576E-13
 1.512E-01 1.519E-13
 1.519E-01 1.530E-13
 1.526E-01 1.492E-13
 1.533E-01 1.360E-13
 1.540E-01 1.186E-13
 1.547E-01 1.051E-13
 1.554E-01 1.082E-13
 1.561E-01 1.206E-13
 1.568E-01 1.311E-13
 1.575E-01 1.366E-13
 1.582E-01 1.376E-13
 1.590E-01 1.379E-13
 1.597E-01 1.367E-13
 1.604E-01 1.324E-13
 1.612E-01 1.294E-13
 1.619E-01 1.287E-13
 1.626E-01 1.302E-13
 1.634E-01 1.321E-13
 1.641E-01 1.321E-13
 1.649E-01 1.324E-13
 1.656E-01 1.331E-13
 1.664E-01 1.324E-13
 1.671E-01 1.242E-13
 1.679E-01 1.396E-13
 1.687E-01 1.352E-13
 1.694E-01 1.322E-13
 1.702E-01 1.308E-13
 1.710E-01 1.279E-13
 1.718E-01 1.244E-13
 1.726E-01 1.221E-13
 1.733E-01 1.258E-13
 1.741E-01 1.260E-13
 1.749E-01 1.253E-13
 1.757E-01 1.244E-13
 1.765E-01 1.230E-13
 1.773E-01 1.199E-13
 1.781E-01 1.206E-13
 1.790E-01 1.207E-13
 1.798E-01 1.199E-13
 1.806E-01 1.196E-13
 1.814E-01 1.161E-13
 1.822E-01 1.154E-13
 1.831E-01 1.151E-13
 1.839E-01 1.131E-13
 1.848E-01 1.107E-13
 1.856E-01 1.116E-13
 1.864E-01 1.120E-13
 1.873E-01 1.112E-13
 1.881E-01 1.077E-13
 1.890E-01 1.050E-13
 1.899E-01 1.053E-13
 1.907E-01 1.066E-13
 1.916E-01 1.038E-13
 1.925E-01 9.936E-14
 1.934E-01 1.037E-13
 1.942E-01 1.051E-13
 1.951E-01 1.004E-13
 1.960E-01 9.955E-14
 1.969E-01 1.026E-13
 1.978E-01 1.031E-13
 1.987E-01 1.004E-13
 1.996E-01 9.919E-14
 2.005E-01 1.008E-13
 2.015E-01 1.002E-13
 2.024E-01 1.005E-13
 2.033E-01 9.746E-14
 2.042E-01 9.632E-14
 2.052E-01 8.487E-14
 2.061E-01 8.341E-14
 2.070E-01 9.301E-14
 2.080E-01 9.389E-14
 2.089E-01 9.324E-14
 2.099E-01 9.169E-14
 2.108E-01 9.255E-14
 2.118E-01 9.296E-14
 2.128E-01 9.204E-14
 2.137E-01 9.106E-14
 2.147E-01 8.976E-14
 2.157E-01 8.998E-14
 2.167E-01 8.812E-14
 2.177E-01 8.836E-14
 2.187E-01 8.698E-14
 2.197E-01 8.776E-14
 2.207E-01 8.665E-14
 2.217E-01 8.485E-14
 2.227E-01 8.446E-14
 2.237E-01 8.368E-14
 2.247E-01 8.268E-14
 2.257E-01 8.141E-14
 2.268E-01 8.163E-14
 2.278E-01 8.085E-14
 2.289E-01 7.853E-14
 2.299E-01 7.653E-14
 2.309E-01 7.710E-14
 2.320E-01 7.500E-14
 2.331E-01 7.449E-14
 2.341E-01 7.518E-14
 2.352E-01 7.429E-14
 2.363E-01 7.331E-14
 2.373E-01 7.204E-14
 2.384E-01 6.980E-14
 2.395E-01 7.036E-14
 2.406E-01 6.999E-14
 2.417E-01 6.960E-14
 2.428E-01 6.921E-14
 2.439E-01 6.831E-14
 2.450E-01 6.783E-14
 2.462E-01 6.716E-14
 2.473E-01 6.646E-14
 2.484E-01 6.492E-14
 2.495E-01 5.246E-14
 2.507E-01 6.226E-14
 2.518E-01 6.240E-14
 2.530E-01 6.295E-14
 2.541E-01 6.227E-14
 2.553E-01 6.166E-14
 2.565E-01 6.115E-14
 2.576E-01 6.069E-14
 2.588E-01 6.000E-14
 2.600E-01 5.931E-14
 2.612E-01 5.861E-14
 2.624E-01 5.818E-14
 2.636E-01 5.782E-14
 2.648E-01 5.720E-14
 2.660E-01 5.643E-14
 2.672E-01 5.532E-14
 2.684E-01 5.528E-14
 2.696E-01 5.417E-14
 2.709E-01 5.374E-14
 2.721E-01 5.331E-14
 2.733E-01 5.229E-14
 2.746E-01 5.233E-14
 2.758E-01 5.177E-14
 2.771E-01 5.144E-14
 2.784E-01 5.084E-14
 2.796E-01 4.932E-14
 2.809E-01 4.968E-14
 2.822E-01 4.940E-14
 2.835E-01 4.837E-14
 2.848E-01 4.828E-14
 2.861E-01 4.767E-14
 2.874E-01 4.718E-14
 2.887E-01 4.673E-14
 2.900E-01 4.617E-14
 2.913E-01 4.564E-14
 2.927E-01 4.534E-14
 2.940E-01 4.480E-14
 2.953E-01 4.422E-14
 2.967E-01 4.377E-14
 2.980E-01 4.321E-14
 2.994E-01 4.260E-14
 3.008E-01 4.196E-14
 3.021E-01 4.151E-14
 3.035E-01 4.114E-14
 3.049E-01 4.087E-14
 3.063E-01 4.051E-14
 3.077E-01 4.003E-14
 3.091E-01 3.948E-14
 3.105E-01 3.927E-14
 3.119E-01 3.883E-14
 3.134E-01 3.833E-14
 3.148E-01 3.803E-14
 3.162E-01 3.756E-14
 3.177E-01 3.710E-14
 3.191E-01 3.667E-14
 3.206E-01 3.613E-14
 3.220E-01 3.581E-14
 3.235E-01 3.556E-14
 3.250E-01 3.526E-14
 3.265E-01 3.468E-14
 3.280E-01 3.429E-14
 3.295E-01 3.398E-14
 3.310E-01 3.359E-14
 3.325E-01 3.318E-14
 3.340E-01 3.273E-14
 3.355E-01 3.231E-14
 3.370E-01 3.202E-14
 3.386E-01 3.179E-14
 3.401E-01 3.146E-14
 3.417E-01 3.106E-14
 3.432E-01 3.063E-14
 3.448E-01 3.020E-14
 3.464E-01 3.000E-14
 3.480E-01 2.973E-14
 3.496E-01 2.942E-14
 3.511E-01 2.912E-14
 3.528E-01 2.882E-14
 3.544E-01 2.849E-14
 3.560E-01 2.819E-14
 3.576E-01 2.785E-14
 3.592E-01 2.745E-14
 3.609E-01 2.712E-14
 3.625E-01 2.684E-14
 3.642E-01 2.646E-14
 3.658E-01 2.638E-14
 3.675E-01 2.599E-14
 3.692E-01 2.535E-14
 3.709E-01 2.460E-14
 3.726E-01 2.420E-14
 3.743E-01 2.449E-14
 3.760E-01 2.457E-14
 3.777E-01 2.465E-14
 3.794E-01 2.523E-14
 3.812E-01 2.566E-14
 3.829E-01 2.387E-14
 3.846E-01 2.548E-14
 3.864E-01 2.570E-14
 3.882E-01 2.387E-14
 3.899E-01 2.397E-14
 3.917E-01 2.535E-14
 3.935E-01 2.489E-14
 3.953E-01 2.416E-14
 3.971E-01 2.143E-14
 3.989E-01 2.404E-14
 4.007E-01 2.405E-14
 4.026E-01 2.356E-14
 4.044E-01 2.349E-14
 4.062E-01 2.307E-14
 4.081E-01 2.217E-14
 4.100E-01 2.086E-14
 4.118E-01 2.082E-14
 4.137E-01 2.194E-14
 4.156E-01 2.186E-14
 4.175E-01 2.175E-14
 4.194E-01 2.152E-14
 4.213E-01 2.126E-14
 4.232E-01 2.106E-14
 4.252E-01 2.069E-14
 4.271E-01 2.031E-14
 4.291E-01 2.014E-14
 4.310E-01 1.968E-14
 4.330E-01 1.860E-14
 4.350E-01 1.747E-14
 4.370E-01 1.903E-14
 4.389E-01 1.887E-14
 4.410E-01 1.874E-14
 4.430E-01 1.862E-14
 4.450E-01 1.840E-14
 4.470E-01 1.789E-14
 4.491E-01 1.799E-14
 4.511E-01 1.773E-14
 4.532E-01 1.755E-14
 4.552E-01 1.728E-14
 4.573E-01 1.719E-14
 4.594E-01 1.693E-14
 4.615E-01 1.670E-14
 4.636E-01 1.635E-14
 4.657E-01 1.605E-14
 4.679E-01 1.602E-14
 4.700E-01 1.576E-14
 4.721E-01 1.574E-14
 4.743E-01 1.565E-14
 4.765E-01 1.551E-14
 4.786E-01 1.533E-14
 4.808E-01 1.510E-14
 4.830E-01 1.486E-14
 4.852E-01 1.403E-14
 4.874E-01 1.329E-14
 4.897E-01 1.432E-14
 4.919E-01 1.412E-14
 4.941E-01 1.395E-14
 4.964E-01 1.389E-14
 4.987E-01 1.372E-14
 5.009E-01 1.334E-14
 5.032E-01 1.335E-14
 5.055E-01 1.316E-14
 5.078E-01 1.306E-14
 5.101E-01 1.289E-14
 5.125E-01 1.270E-14
 5.148E-01 1.254E-14
 5.172E-01 1.240E-14
 5.195E-01 1.225E-14
 5.219E-01 1.210E-14
 5.243E-01 1.195E-14
 5.267E-01 1.178E-14
 5.291E-01 1.167E-14
 5.315E-01 1.152E-14
 5.339E-01 1.138E-14
 5.363E-01 1.124E-14
 5.388E-01 1.110E-14
 5.413E-01 1.088E-14
 5.437E-01 1.082E-14
 5.462E-01 1.069E-14
 5.487E-01 1.056E-14
 5.512E-01 1.042E-14
 5.537E-01 1.030E-14
 5.563E-01 1.017E-14
 5.588E-01 1.002E-14
 5.613E-01 9.920E-15
 5.639E-01 9.791E-15
 5.665E-01 9.646E-15
 5.691E-01 9.433E-15
 5.717E-01 9.356E-15
 5.743E-01 9.244E-15
 5.769E-01 9.148E-15
 5.795E-01 9.041E-15
 5.822E-01 8.932E-15
 5.848E-01 8.848E-15
 5.875E-01 8.607E-15
 5.902E-01 8.609E-15
 5.929E-01 8.505E-15
 5.956E-01 8.400E-15
 5.983E-01 8.303E-15
 6.010E-01 8.201E-15
 6.038E-01 8.093E-15
 6.065E-01 7.998E-15
 6.093E-01 7.905E-15
 6.121E-01 7.801E-15
 6.149E-01 7.688E-15
 6.177E-01 7.598E-15
 6.205E-01 7.520E-15
 6.233E-01 7.414E-15
 6.262E-01 7.327E-15
 6.290E-01 7.243E-15
 6.319E-01 7.143E-15
 6.348E-01 7.049E-15
 6.377E-01 6.972E-15
 6.406E-01 6.878E-15
 6.435E-01 6.803E-15
 6.465E-01 6.707E-15
 6.494E-01 6.620E-15
 6.524E-01 6.523E-15
 6.554E-01 6.205E-15
 6.584E-01 6.120E-15
 6.614E-01 6.304E-15
 6.644E-01 6.237E-15
 6.674E-01 6.114E-15
 6.705E-01 6.068E-15
 6.735E-01 6.002E-15
 6.766E-01 5.942E-15
 6.797E-01 5.861E-15
 6.828E-01 5.799E-15
 6.859E-01 5.730E-15
 6.890E-01 5.641E-15
 6.922E-01 5.591E-15
 6.953E-01 5.529E-15
 6.985E-01 5.462E-15
 7.017E-01 5.394E-15
 7.049E-01 5.327E-15
 7.081E-01 5.242E-15
 7.114E-01 5.189E-15
 7.146E-01 5.140E-15
 7.179E-01 5.073E-15
 7.211E-01 5.020E-15
 7.244E-01 4.951E-15
 7.277E-01 4.894E-15
 7.311E-01 4.844E-15
 7.344E-01 4.789E-15
 7.378E-01 4.733E-15
 7.411E-01 4.675E-15
 7.445E-01 4.619E-15
 7.479E-01 4.558E-15
 7.513E-01 4.511E-15
 7.547E-01 4.461E-15
 7.582E-01 4.396E-15
 7.617E-01 4.350E-15
 7.651E-01 4.301E-15
 7.686E-01 4.247E-15
 7.721E-01 4.196E-15
 7.757E-01 4.147E-15
 7.792E-01 4.103E-15
 7.828E-01 4.054E-15
 7.863E-01 3.999E-15
 7.899E-01 3.951E-15
 7.935E-01 3.906E-15
 7.971E-01 3.861E-15
 8.008E-01 3.816E-15
 8.044E-01 3.773E-15
 8.081E-01 3.728E-15
 8.118E-01 3.680E-15
 8.155E-01 3.640E-15
 8.192E-01 3.578E-15
 8.230E-01 3.479E-15
 8.267E-01 3.447E-15
 8.305E-01 3.418E-15
 8.343E-01 3.371E-15
 8.381E-01 3.347E-15
 8.419E-01 3.312E-15
 8.458E-01 3.264E-15
 8.496E-01 3.229E-15
 8.535E-01 3.194E-15
 8.574E-01 3.189E-15
 8.613E-01 3.100E-15
 8.652E-01 3.082E-15
 8.692E-01 3.108E-15
 8.732E-01 3.036E-15
 8.772E-01 2.989E-15
 8.812E-01 3.039E-15
 8.852E-01 2.865E-15
 8.892E-01 2.935E-15
 8.933E-01 2.935E-15
 8.974E-01 2.891E-15
 9.015E-01 2.626E-15
 9.056E-01 2.813E-15
 9.097E-01 2.795E-15
 9.139E-01 2.771E-15
 9.180E-01 2.724E-15
 9.222E-01 2.475E-15
 9.264E-01 2.623E-15
 9.307E-01 2.628E-15
 9.349E-01 2.587E-15
 9.392E-01 2.570E-15
 9.435E-01 2.538E-15
 9.478E-01 2.499E-15
 9.521E-01 2.408E-15
 9.564E-01 2.317E-15
 9.608E-01 2.404E-15
 9.652E-01 2.384E-15
 9.696E-01 2.347E-15
 9.740E-01 2.324E-15
 9.785E-01 2.296E-15
 9.829E-01 2.267E-15
 9.874E-01 2.237E-15
 9.919E-01 2.206E-15
 9.965E-01 2.181E-15
 1.001E+00 2.111E-15
 1.006E+00 2.037E-15
 1.010E+00 2.042E-15
 1.015E+00 2.062E-15
 1.019E+00 2.048E-15
 1.024E+00 2.022E-15
 1.029E+00 1.995E-15
 1.033E+00 1.967E-15
 1.038E+00 1.946E-15
 1.043E+00 1.920E-15
 1.048E+00 1.896E-15
 1.052E+00 1.872E-15
 1.057E+00 1.848E-15
 1.062E+00 1.825E-15
 1.067E+00 1.798E-15
 1.072E+00 1.778E-15
 1.077E+00 1.755E-15
 1.082E+00 1.721E-15
 1.087E+00 1.704E-15
 1.091E+00 1.598E-15
 1.096E+00 1.619E-15
 1.101E+00 1.634E-15
 1.107E+00 1.624E-15
 1.112E+00 1.604E-15
 1.117E+00 1.583E-15
 1.122E+00 1.563E-15
 1.127E+00 1.541E-15
 1.132E+00 1.520E-15
 1.137E+00 1.502E-15
 1.142E+00 1.482E-15
 1.148E+00 1.465E-15
 1.153E+00 1.446E-15
 1.158E+00 1.426E-15
 1.163E+00 1.403E-15
 1.169E+00 1.387E-15
 1.174E+00 1.372E-15
 1.179E+00 1.353E-15
 1.185E+00 1.336E-15
 1.190E+00 1.319E-15
 1.196E+00 1.297E-15
 1.201E+00 1.283E-15
 1.207E+00 1.268E-15
 1.212E+00 1.252E-15
 1.218E+00 1.236E-15
 1.223E+00 1.220E-15
 1.229E+00 1.204E-15
 1.234E+00 1.188E-15
 1.240E+00 1.173E-15
 1.246E+00 1.158E-15
 1.251E+00 1.141E-15
 1.257E+00 1.127E-15
 1.263E+00 1.113E-15
 1.269E+00 1.099E-15
 1.274E+00 1.078E-15
 1.280E+00 1.025E-15
 1.286E+00 1.030E-15
 1.292E+00 1.041E-15
 1.298E+00 1.026E-15
 1.304E+00 1.016E-15
 1.310E+00 1.003E-15
 1.316E+00 9.893E-16
 1.322E+00 9.771E-16
 1.328E+00 9.643E-16
 1.334E+00 9.515E-16
 1.340E+00 9.390E-16
 1.346E+00 9.269E-16
 1.352E+00 9.147E-16
 1.358E+00 9.029E-16
 1.364E+00 8.910E-16
 1.371E+00 8.793E-16
 1.377E+00 8.684E-16
 1.383E+00 8.574E-16
 1.389E+00 8.460E-16
 1.396E+00 8.350E-16
 1.402E+00 8.240E-16
 1.409E+00 8.138E-16
 1.415E+00 8.031E-16
 1.421E+00 7.926E-16
 1.428E+00 7.820E-16
 1.435E+00 7.724E-16
 1.441E+00 7.618E-16
 1.448E+00 7.527E-16
 1.454E+00 7.426E-16
 1.461E+00 7.336E-16
 1.468E+00 7.243E-16
 1.474E+00 7.143E-16
 1.481E+00 7.053E-16
 1.488E+00 6.964E-16
 1.495E+00 6.880E-16
 1.501E+00 6.781E-16
 1.508E+00 6.688E-16
 1.515E+00 6.608E-16
 1.522E+00 6.520E-16
 1.529E+00 6.429E-16
 1.536E+00 6.351E-16
 1.543E+00 6.252E-16
 1.550E+00 6.190E-16
 1.557E+00 6.075E-16
 1.564E+00 6.049E-16
 1.571E+00 5.915E-16
 1.578E+00 5.916E-16
 1.586E+00 5.751E-16
 1.593E+00 5.741E-16
 1.600E+00 5.710E-16
 1.608E+00 5.596E-16
 1.615E+00 5.474E-16
 1.622E+00 5.484E-16
 1.630E+00 5.423E-16
 1.637E+00 5.312E-16
 1.645E+00 5.190E-16
 1.652E+00 5.208E-16
 1.660E+00 5.180E-16
 1.667E+00 5.103E-16
 1.675E+00 4.993E-16
 1.682E+00 4.873E-16
 1.690E+00 4.860E-16
 1.698E+00 4.860E-16
 1.706E+00 4.788E-16
 1.713E+00 4.742E-16
 1.721E+00 4.681E-16
 1.729E+00 4.554E-16
 1.737E+00 4.428E-16
 1.745E+00 4.487E-16
 1.753E+00 4.451E-16
 1.761E+00 4.401E-16
 1.769E+00 4.346E-16
 1.777E+00 4.292E-16
 1.785E+00 4.238E-16
 1.793E+00 4.188E-16
 1.801E+00 4.132E-16
 1.810E+00 4.013E-16
 1.818E+00 3.918E-16
 1.826E+00 3.954E-16
 1.834E+00 3.933E-16
 1.843E+00 3.886E-16
 1.851E+00 3.837E-16
 1.860E+00 3.774E-16
 1.868E+00 3.674E-16
 1.877E+00 3.576E-16
 1.885E+00 3.648E-16
 1.894E+00 3.607E-16
 1.903E+00 3.562E-16
 1.911E+00 3.523E-16
 1.920E+00 3.483E-16
 1.929E+00 3.436E-16
 1.938E+00 3.353E-16
 1.946E+00 3.230E-16
 1.955E+00 3.304E-16
 1.964E+00 3.276E-16
 1.973E+00 3.236E-16
 1.982E+00 3.197E-16
 1.991E+00 3.159E-16
 2.000E+00 3.122E-16
 2.009E+00 3.085E-16
 2.019E+00 3.047E-16
 2.028E+00 3.010E-16
 2.037E+00 2.973E-16
 2.046E+00 2.937E-16
 2.056E+00 2.899E-16
 2.065E+00 2.867E-16
 2.075E+00 2.833E-16
 2.084E+00 2.798E-16
 2.094E+00 2.764E-16
 2.103E+00 2.731E-16
 2.113E+00 2.692E-16
 2.122E+00 2.664E-16
 2.132E+00 2.634E-16
 2.142E+00 2.601E-16
 2.152E+00 2.566E-16
 2.161E+00 2.466E-16
 2.171E+00 2.458E-16
 2.181E+00 2.472E-16
 2.191E+00 2.447E-16
 2.201E+00 2.417E-16
 2.211E+00 2.388E-16
 2.221E+00 2.359E-16
 2.231E+00 2.330E-16
 2.242E+00 2.302E-16
 2.252E+00 2.273E-16
 2.262E+00 2.245E-16
 2.272E+00 2.218E-16
 2.283E+00 2.192E-16
 2.293E+00 2.166E-16
 2.304E+00 2.140E-16
 2.314E+00 2.114E-16
 2.325E+00 2.084E-16
 2.335E+00 2.058E-16
 2.346E+00 2.033E-16
 2.357E+00 2.004E-16
 2.367E+00 1.979E-16
 2.378E+00 1.953E-16
 2.389E+00 1.927E-16
 2.400E+00 1.903E-16
 2.411E+00 1.877E-16
 2.422E+00 1.853E-16
 2.433E+00 1.829E-16
 2.444E+00 1.804E-16
 2.455E+00 1.783E-16
 2.467E+00 1.758E-16
 2.478E+00 1.736E-16
 2.489E+00 1.713E-16
 2.500E+00 1.694E-16
 2.512E+00 1.676E-16
 2.523E+00 1.643E-16
 2.535E+00 1.630E-16
 2.546E+00 1.613E-16
 2.558E+00 1.584E-16
 2.570E+00 1.561E-16
 2.581E+00 1.552E-16
 2.593E+00 1.533E-16
 2.605E+00 1.505E-16
 2.617E+00 1.458E-16
 2.629E+00 1.431E-16
 2.641E+00 1.453E-16
 2.653E+00 1.436E-16
 2.665E+00 1.413E-16
 2.677E+00 1.376E-16
 2.689E+00 1.379E-16
 2.702E+00 1.365E-16
 2.714E+00 1.347E-16
 2.726E+00 1.329E-16
 2.739E+00 1.311E-16
 2.751E+00 1.274E-16
 2.764E+00 1.263E-16
 2.777E+00 1.260E-16
 2.789E+00 1.244E-16
 2.802E+00 1.228E-16
 2.815E+00 1.212E-16
 2.828E+00 1.196E-16
 2.841E+00 1.180E-16
 2.854E+00 1.163E-16
 2.867E+00 1.135E-16
 2.880E+00 1.113E-16
 2.893E+00 1.117E-16
 2.906E+00 1.104E-16
 2.919E+00 1.089E-16
 2.933E+00 1.074E-16
 2.946E+00 1.060E-16
 2.959E+00 1.046E-16
 2.973E+00 1.032E-16
 2.987E+00 1.018E-16
 3.000E+00 1.005E-16
 3.014E+00 9.909E-17
 3.028E+00 9.694E-17
 3.041E+00 9.447E-17
 3.055E+00 9.507E-17
 3.069E+00 9.390E-17
 3.083E+00 9.265E-17
 3.097E+00 9.145E-17
 3.111E+00 9.020E-17
 3.126E+00 8.899E-17
 3.140E+00 8.781E-17
 3.154E+00 8.663E-17
 3.169E+00 8.546E-17
 3.183E+00 8.432E-17
 3.198E+00 8.320E-17
 3.212E+00 8.208E-17
 3.227E+00 8.099E-17
 3.242E+00 7.991E-17
 3.256E+00 7.882E-17
 3.271E+00 7.759E-17
 3.286E+00 7.516E-17
 3.301E+00 7.466E-17
 3.316E+00 7.445E-17
 3.331E+00 7.373E-17
 3.347E+00 7.276E-17
 3.362E+00 7.178E-17
 3.377E+00 7.081E-17
 3.393E+00 6.985E-17
 3.408E+00 6.888E-17
 3.424E+00 6.797E-17
 3.439E+00 6.706E-17
 3.455E+00 6.614E-17
 3.471E+00 6.524E-17
 3.487E+00 6.435E-17
 3.503E+00 6.348E-17
 3.519E+00 6.262E-17
 3.535E+00 6.178E-17
 3.551E+00 6.093E-17
 3.567E+00 6.010E-17
 3.583E+00 5.931E-17
 3.600E+00 5.850E-17
 3.616E+00 5.770E-17
 3.633E+00 5.695E-17
 3.649E+00 5.611E-17
 3.666E+00 5.543E-17
 3.683E+00 5.459E-17
 3.699E+00 5.383E-17
 3.716E+00 5.296E-17
 3.733E+00 5.177E-17
 3.750E+00 5.075E-17
 3.767E+00 5.095E-17
 3.785E+00 5.043E-17
 3.802E+00 4.965E-17
 3.819E+00 4.892E-17
 3.837E+00 4.833E-17
 3.854E+00 4.779E-17
 3.872E+00 4.714E-17
 3.889E+00 4.643E-17
 3.907E+00 4.557E-17
 3.925E+00 4.516E-17
 3.943E+00 4.464E-17
 3.961E+00 4.405E-17
 3.979E+00 4.345E-17
 3.997E+00 4.277E-17
 4.015E+00 4.200E-17
 4.034E+00 4.121E-17
 4.052E+00 4.024E-17
 4.071E+00 4.056E-17
 4.089E+00 4.005E-17
 4.108E+00 3.952E-17
 4.127E+00 3.896E-17
 4.146E+00 3.841E-17
 4.164E+00 3.755E-17
 4.183E+00 3.721E-17
 4.203E+00 3.689E-17
 4.222E+00 3.642E-17
 4.241E+00 3.593E-17
 4.260E+00 3.544E-17
 4.280E+00 3.493E-17
 4.299E+00 3.441E-17
 4.319E+00 3.395E-17
 4.339E+00 3.347E-17
 4.359E+00 3.277E-17
 4.378E+00 3.219E-17
 4.398E+00 3.200E-17
 4.419E+00 3.164E-17
 4.439E+00 3.121E-17
 4.459E+00 3.080E-17
 4.479E+00 3.040E-17
 4.500E+00 2.999E-17
 4.520E+00 2.960E-17
 4.541E+00 2.921E-17
 4.562E+00 2.881E-17
 4.582E+00 2.841E-17
 4.603E+00 2.802E-17
 4.624E+00 2.762E-17
 4.646E+00 2.663E-17
 4.667E+00 2.627E-17
 4.688E+00 2.640E-17
 4.709E+00 2.620E-17
 4.731E+00 2.586E-17
 4.753E+00 2.549E-17
 4.774E+00 2.517E-17
 4.796E+00 2.483E-17
 4.818E+00 2.449E-17
 4.840E+00 2.417E-17
 4.862E+00 2.383E-17
 4.884E+00 2.350E-17
 4.906E+00 2.318E-17
 4.929E+00 2.288E-17
 4.951E+00 2.257E-17
 4.974E+00 2.228E-17
 4.997E+00 2.196E-17
 5.020E+00 2.166E-17
 5.042E+00 2.137E-17
 5.065E+00 2.108E-17
 5.089E+00 2.079E-17
 5.112E+00 2.040E-17
 5.135E+00 1.983E-17
 5.159E+00 1.994E-17
 5.182E+00 1.969E-17
 5.206E+00 1.942E-17
 5.230E+00 1.916E-17
 5.253E+00 1.891E-17
 5.277E+00 1.866E-17
 5.301E+00 1.841E-17
 5.326E+00 1.816E-17
 5.350E+00 1.792E-17
 5.374E+00 1.768E-17
 5.399E+00 1.745E-17
 5.424E+00 1.721E-17
 5.448E+00 1.698E-17
 5.473E+00 1.675E-17
 5.498E+00 1.652E-17
 5.523E+00 1.630E-17
 5.549E+00 1.607E-17
 5.574E+00 1.586E-17
 5.599E+00 1.564E-17
 5.625E+00 1.543E-17
 5.651E+00 1.522E-17
 5.676E+00 1.502E-17
 5.702E+00 1.481E-17
 5.728E+00 1.461E-17
 5.754E+00 1.442E-17
 5.781E+00 1.422E-17
 5.807E+00 1.403E-17
 5.834E+00 1.384E-17
 5.860E+00 1.366E-17
 5.887E+00 1.343E-17
 5.914E+00 1.296E-17
 5.941E+00 1.310E-17
 5.968E+00 1.293E-17
 5.995E+00 1.276E-17
 6.023E+00 1.259E-17
 6.050E+00 1.242E-17
 6.078E+00 1.225E-17
 6.105E+00 1.208E-17
 6.133E+00 1.192E-17
 6.161E+00 1.176E-17
 6.189E+00 1.160E-17
 6.218E+00 1.144E-17
 6.246E+00 1.129E-17
 6.275E+00 1.113E-17
 6.303E+00 1.098E-17
 6.332E+00 1.083E-17
 6.361E+00 1.069E-17
 6.390E+00 1.054E-17
 6.419E+00 1.040E-17
 6.448E+00 1.026E-17
 6.478E+00 1.012E-17
 6.507E+00 9.981E-18
 6.537E+00 9.845E-18
 6.567E+00 9.713E-18
 6.597E+00 9.581E-18
 6.627E+00 9.450E-18
 6.657E+00 9.322E-18
 6.688E+00 9.196E-18
 6.718E+00 9.071E-18
 6.749E+00 8.948E-18
 6.780E+00 8.826E-18
 6.811E+00 8.706E-18
 6.842E+00 8.588E-18
 6.873E+00 8.471E-18
 6.904E+00 8.356E-18
 6.936E+00 8.243E-18
 6.968E+00 8.131E-18
 6.999E+00 8.021E-18
 7.031E+00 7.911E-18
 7.063E+00 7.804E-18
 7.096E+00 7.698E-18
 7.128E+00 7.593E-18
 7.161E+00 7.490E-18
 7.193E+00 7.389E-18
 7.226E+00 7.288E-18
 7.259E+00 7.189E-18
 7.292E+00 7.092E-18
 7.325E+00 6.995E-18
 7.359E+00 6.900E-18
 7.393E+00 6.803E-18
 7.426E+00 6.685E-18
 7.460E+00 6.498E-18
 7.494E+00 6.397E-18
 7.528E+00 6.400E-18
 7.563E+00 6.354E-18
 7.597E+00 6.270E-18
 7.632E+00 6.185E-18
 7.667E+00 6.101E-18
 7.702E+00 6.017E-18
 7.737E+00 5.936E-18
 7.772E+00 5.855E-18
 7.808E+00 5.775E-18
 7.843E+00 5.697E-18
 7.879E+00 5.620E-18
 7.915E+00 5.543E-18
 7.951E+00 5.468E-18
 7.988E+00 5.393E-18
 8.024E+00 5.320E-18
 8.061E+00 5.247E-18
 8.098E+00 5.176E-18
 8.135E+00 5.106E-18
 8.172E+00 5.036E-18
 8.209E+00 4.968E-18
 8.246E+00 4.900E-18
 8.284E+00 4.834E-18
 8.322E+00 4.768E-18
 8.360E+00 4.703E-18
 8.398E+00 4.639E-18
 8.436E+00 4.576E-18
 8.475E+00 4.514E-18
 8.514E+00 4.452E-18
 8.552E+00 4.392E-18
 8.591E+00 4.332E-18
 8.631E+00 4.273E-18
 8.670E+00 4.215E-18
 8.710E+00 4.157E-18
 8.749E+00 4.101E-18
 8.789E+00 4.045E-18
 8.830E+00 3.990E-18
 8.870E+00 3.936E-18
 8.910E+00 3.882E-18
 8.951E+00 3.829E-18
 8.992E+00 3.777E-18
 9.033E+00 3.726E-18
 9.074E+00 3.675E-18
 9.116E+00 3.625E-18
 9.157E+00 3.575E-18
 9.199E+00 3.527E-18
 9.241E+00 3.479E-18
 9.283E+00 3.431E-18
 9.326E+00 3.385E-18
 9.368E+00 3.338E-18
 9.411E+00 3.293E-18
 9.454E+00 3.248E-18
 9.497E+00 3.204E-18
 9.540E+00 3.160E-18
 9.584E+00 3.117E-18
 9.628E+00 3.075E-18
 9.672E+00 3.033E-18
 9.716E+00 2.991E-18
 9.760E+00 2.951E-18
 9.805E+00 2.910E-18
 9.849E+00 2.871E-18
 9.894E+00 2.832E-18
 9.940E+00 2.793E-18
 9.985E+00 2.755E-18
 1.003E+01 2.726E-18
 1.008E+01 2.727E-18
 1.012E+01 2.727E-18
 1.017E+01 2.728E-18
 1.021E+01 2.728E-18
 1.026E+01 2.728E-18
 1.031E+01 2.728E-18
 1.036E+01 2.728E-18
 1.040E+01 2.728E-18
 1.045E+01 2.728E-18
 1.050E+01 2.728E-18
 1.055E+01 2.727E-18
 1.059E+01 2.727E-18
 1.064E+01 2.726E-18
 1.069E+01 2.725E-18
 1.074E+01 2.724E-18
 1.079E+01 2.723E-18
 1.084E+01 2.722E-18
 1.089E+01 2.720E-18
 1.094E+01 2.719E-18
 1.099E+01 2.717E-18
 1.104E+01 2.716E-18
 1.109E+01 2.714E-18
 1.114E+01 2.712E-18
 1.119E+01 2.710E-18
 1.124E+01 2.707E-18
 1.129E+01 2.705E-18
 1.134E+01 2.702E-18
 1.139E+01 2.699E-18
 1.145E+01 2.696E-18
 1.150E+01 2.693E-18
 1.155E+01 2.690E-18
 1.160E+01 2.687E-18
 1.166E+01 2.683E-18
 1.171E+01 2.680E-18
 1.176E+01 2.676E-18
 1.182E+01 2.672E-18
 1.187E+01 2.668E-18
 1.193E+01 2.663E-18
 1.198E+01 2.659E-18
 1.203E+01 2.654E-18
 1.209E+01 2.649E-18
 1.215E+01 2.644E-18
 1.220E+01 2.639E-18
 1.226E+01 2.634E-18
 1.231E+01 2.628E-18
 1.237E+01 2.622E-18
 1.242E+01 2.616E-18
 1.248E+01 2.610E-18
 1.254E+01 2.604E-18
 1.260E+01 2.597E-18
 1.265E+01 2.590E-18
 1.271E+01 2.583E-18
 1.277E+01 2.576E-18
 1.283E+01 2.569E-18
 1.289E+01 2.561E-18
 1.294E+01 2.554E-18
 1.300E+01 2.546E-18
 1.306E+01 2.537E-18
 1.312E+01 2.529E-18
 1.318E+01 2.520E-18
 1.324E+01 2.511E-18
 1.330E+01 2.502E-18
 1.336E+01 2.493E-18
 1.343E+01 2.483E-18
 1.349E+01 2.474E-18
 1.355E+01 2.464E-18
 1.361E+01 2.453E-18
 1.367E+01 2.443E-18
 1.373E+01 2.432E-18
 1.380E+01 2.421E-18
 1.386E+01 2.410E-18
 1.392E+01 2.398E-18
 1.399E+01 2.386E-18
 1.405E+01 2.374E-18
 1.411E+01 2.362E-18
 1.418E+01 2.350E-18
 1.424E+01 2.337E-18
 1.431E+01 2.324E-18
 1.437E+01 2.310E-18
 1.444E+01 2.297E-18
 1.451E+01 2.283E-18
 1.457E+01 2.268E-18
 1.464E+01 2.254E-18
 1.471E+01 2.239E-18
 1.477E+01 2.224E-18
 1.484E+01 2.208E-18
 1.491E+01 2.193E-18
 1.498E+01 2.177E-18
 1.504E+01 2.160E-18
 1.511E+01 2.144E-18
 1.518E+01 2.127E-18
 1.525E+01 2.109E-18
 1.532E+01 2.092E-18
 1.539E+01 2.074E-18
 1.546E+01 2.055E-18
 1.553E+01 2.037E-18
 1.560E+01 2.018E-18
 1.567E+01 1.998E-18
 1.575E+01 1.979E-18
 1.582E+01 1.959E-18
 1.589E+01 1.938E-18
 1.596E+01 1.917E-18
 1.603E+01 1.896E-18
 1.611E+01 1.875E-18
 1.618E+01 1.853E-18
 1.626E+01 1.831E-18
 1.633E+01 1.808E-18
 1.640E+01 1.785E-18
 1.648E+01 1.762E-18
 1.655E+01 1.738E-18
 1.663E+01 1.714E-18
 1.671E+01 1.689E-18
 1.678E+01 1.664E-18
 1.686E+01 1.639E-18
 1.694E+01 1.613E-18
 1.701E+01 1.587E-18
 1.709E+01 1.560E-18
 1.717E+01 1.533E-18
 1.725E+01 1.505E-18
 1.733E+01 1.477E-18
 1.740E+01 1.449E-18
 1.748E+01 1.420E-18
 1.756E+01 1.390E-18
 1.764E+01 1.361E-18
 1.772E+01 1.330E-18
 1.781E+01 1.300E-18
 1.789E+01 1.268E-18
 1.797E+01 1.237E-18
 1.805E+01 1.204E-18
 1.813E+01 1.172E-18
 1.822E+01 1.139E-18
 1.830E+01 1.105E-18
 1.838E+01 1.071E-18
 1.847E+01 1.036E-18
 1.855E+01 1.001E-18
 1.864E+01 9.648E-19
 1.872E+01 9.285E-19
 1.881E+01 8.917E-19
 1.889E+01 8.543E-19
 1.898E+01 8.163E-19
 1.906E+01 7.778E-19
 1.915E+01 7.388E-19
 1.924E+01 6.991E-19
 1.933E+01 6.589E-19
 1.941E+01 6.181E-19
 1.950E+01 5.768E-19
 1.959E+01 5.348E-19
 1.968E+01 4.922E-19
 1.977E+01 4.490E-19
 1.986E+01 4.053E-19
 1.995E+01 3.609E-19
 2.004E+01 3.376E-19
 2.014E+01 3.377E-19
 2.023E+01 3.378E-19
 2.032E+01 3.378E-19
 2.041E+01 3.379E-19
 2.051E+01 3.379E-19
 2.060E+01 3.379E-19
 2.069E+01 3.379E-19
 2.079E+01 3.379E-19
 2.088E+01 3.379E-19
 2.098E+01 3.378E-19
 2.107E+01 3.378E-19
 2.117E+01 3.377E-19
 2.127E+01 3.376E-19
 2.136E+01 3.375E-19
 2.146E+01 3.374E-19
 2.156E+01 3.372E-19
 2.166E+01 3.371E-19
 2.176E+01 3.369E-19
 2.186E+01 3.367E-19
 2.196E+01 3.365E-19
 2.206E+01 3.363E-19
 2.216E+01 3.361E-19
 2.226E+01 3.358E-19
 2.236E+01 3.356E-19
 2.246E+01 3.353E-19
 2.256E+01 3.350E-19
 2.267E+01 3.347E-19
 2.277E+01 3.343E-19
 2.287E+01 3.340E-19
 2.298E+01 3.336E-19
 2.308E+01 3.332E-19
 2.319E+01 3.328E-19
 2.329E+01 3.324E-19
 2.340E+01 3.319E-19
 2.351E+01 3.314E-19
 2.362E+01 3.309E-19
 2.372E+01 3.304E-19
 2.383E+01 3.299E-19
 2.394E+01 3.293E-19
 2.405E+01 3.287E-19
 2.416E+01 3.281E-19
 2.427E+01 3.275E-19
 2.438E+01 3.269E-19
 2.449E+01 3.262E-19
 2.460E+01 3.255E-19
 2.472E+01 3.248E-19
 2.483E+01 3.241E-19
 2.494E+01 3.233E-19
 2.506E+01 3.225E-19
 2.517E+01 3.217E-19
 2.528E+01 3.209E-19
 2.540E+01 3.200E-19
 2.552E+01 3.191E-19
 2.563E+01 3.182E-19
 2.575E+01 3.173E-19
 2.587E+01 3.163E-19
 2.599E+01 3.153E-19
 2.610E+01 3.143E-19
 2.622E+01 3.133E-19
 2.634E+01 3.122E-19
 2.646E+01 3.111E-19
 2.658E+01 3.100E-19
 2.671E+01 3.088E-19
 2.683E+01 3.077E-19
 2.695E+01 3.065E-19
 2.707E+01 3.052E-19
 2.720E+01 3.039E-19
 2.732E+01 3.026E-19
 2.745E+01 3.013E-19
 2.757E+01 2.999E-19
 2.770E+01 2.986E-19
 2.782E+01 2.971E-19
 2.795E+01 2.957E-19
 2.808E+01 2.942E-19
 2.821E+01 2.927E-19
 2.833E+01 2.911E-19
 2.846E+01 2.895E-19
 2.859E+01 2.879E-19
 2.872E+01 2.862E-19
 2.886E+01 2.846E-19
 2.899E+01 2.828E-19
 2.912E+01 2.811E-19
 2.925E+01 2.793E-19
 2.939E+01 2.774E-19
 2.952E+01 2.756E-19
 2.965E+01 2.737E-19
 2.979E+01 2.717E-19
 2.993E+01 2.697E-19
 3.006E+01 2.677E-19
 3.020E+01 2.656E-19
 3.034E+01 2.635E-19
 3.048E+01 2.614E-19
 3.062E+01 2.592E-19
 3.076E+01 2.570E-19
 3.090E+01 2.547E-19
 3.104E+01 2.524E-19
 3.118E+01 2.501E-19
 3.132E+01 2.477E-19
 3.146E+01 2.452E-19
 3.161E+01 2.428E-19
 3.175E+01 2.402E-19
 3.190E+01 2.377E-19
 3.204E+01 2.351E-19
 3.219E+01 2.324E-19
 3.234E+01 2.297E-19
 3.248E+01 2.270E-19
 3.263E+01 2.242E-19
 3.278E+01 2.213E-19
 3.293E+01 2.184E-19
 3.308E+01 2.155E-19
 3.323E+01 2.125E-19
 3.338E+01 2.094E-19
 3.354E+01 2.063E-19
 3.369E+01 2.032E-19
 3.384E+01 2.000E-19
 3.400E+01 1.968E-19
 3.415E+01 1.935E-19
 3.431E+01 1.901E-19
 3.446E+01 1.867E-19
 3.462E+01 1.832E-19
 3.478E+01 1.797E-19
 3.494E+01 1.761E-19
 3.510E+01 1.725E-19
 3.526E+01 1.688E-19
 3.542E+01 1.651E-19
 3.558E+01 1.613E-19
 3.574E+01 1.574E-19
 3.591E+01 1.535E-19
 3.607E+01 1.495E-19
 3.623E+01 1.454E-19
 3.640E+01 1.413E-19
 3.657E+01 1.372E-19
 3.673E+01 1.329E-19
 3.690E+01 1.286E-19
 3.707E+01 1.243E-19
 3.724E+01 1.199E-19
 3.741E+01 1.154E-19
 3.758E+01 1.108E-19
 3.775E+01 1.062E-19
 3.792E+01 1.015E-19
 3.810E+01 9.672E-20
 3.827E+01 9.189E-20
 3.844E+01 8.698E-20
 3.862E+01 8.201E-20
 3.880E+01 7.697E-20
 3.897E+01 7.185E-20
 3.915E+01 6.666E-20
 3.933E+01 6.139E-20
 3.951E+01 5.605E-20
 3.969E+01 5.063E-20
 3.987E+01 4.514E-20
 4.005E+01 4.118E-20
 4.024E+01 4.106E-20
 4.042E+01 4.094E-20
 4.060E+01 4.082E-20
 4.079E+01 4.069E-20
 4.098E+01 4.056E-20
 4.116E+01 4.043E-20
 4.135E+01 4.029E-20
 4.154E+01 4.015E-20
 4.173E+01 4.000E-20
 4.192E+01 3.985E-20
 4.211E+01 3.970E-20
 4.230E+01 3.955E-20
 4.250E+01 3.938E-20
 4.269E+01 3.922E-20
 4.289E+01 3.905E-20
 4.308E+01 3.888E-20
 4.328E+01 3.871E-20
 4.348E+01 3.853E-20
 4.367E+01 3.834E-20
 4.387E+01 3.815E-20
 4.407E+01 3.796E-20
 4.428E+01 3.777E-20
 4.448E+01 3.756E-20
 4.468E+01 3.736E-20
 4.488E+01 3.715E-20
 4.509E+01 3.694E-20
 4.529E+01 3.672E-20
 4.550E+01 3.650E-20
 4.571E+01 3.627E-20
 4.592E+01 3.604E-20
 4.613E+01 3.580E-20
 4.634E+01 3.556E-20
 4.655E+01 3.531E-20
 4.676E+01 3.506E-20
 4.698E+01 3.480E-20
 4.719E+01 3.454E-20
 4.741E+01 3.428E-20
 4.762E+01 3.401E-20
 4.784E+01 3.373E-20
 4.806E+01 3.345E-20
 4.828E+01 3.316E-20
 4.850E+01 3.287E-20
 4.872E+01 3.257E-20
 4.894E+01 3.227E-20
 4.916E+01 3.196E-20
 4.939E+01 3.165E-20
 4.961E+01 3.133E-20
 4.984E+01 3.100E-20
 5.007E+01 3.067E-20
 5.030E+01 3.033E-20
 5.053E+01 2.999E-20
 5.076E+01 2.964E-20
 5.099E+01 2.928E-20
 5.122E+01 2.892E-20
 5.146E+01 2.856E-20
 5.169E+01 2.818E-20
 5.193E+01 2.780E-20
 5.216E+01 2.742E-20
 5.240E+01 2.702E-20
 5.264E+01 2.662E-20
 5.288E+01 2.622E-20
 5.312E+01 2.581E-20
 5.337E+01 2.539E-20
 5.361E+01 2.496E-20
 5.385E+01 2.453E-20
 5.410E+01 2.409E-20
 5.435E+01 2.364E-20
 5.459E+01 2.319E-20
 5.484E+01 2.273E-20
 5.509E+01 2.226E-20
 5.535E+01 2.178E-20
 5.560E+01 2.130E-20
 5.585E+01 2.081E-20
 5.611E+01 2.031E-20
 5.636E+01 1.980E-20
 5.662E+01 1.929E-20
 5.688E+01 1.876E-20
 5.714E+01 1.823E-20
 5.740E+01 1.770E-20
 5.766E+01 1.715E-20
 5.792E+01 1.660E-20
 5.819E+01 1.603E-20
 5.845E+01 1.546E-20
 5.872E+01 1.488E-20
 5.899E+01 1.429E-20
 5.926E+01 1.370E-20
 5.953E+01 1.309E-20
 5.980E+01 1.248E-20
 6.007E+01 1.201E-20
 6.035E+01 1.195E-20
 6.062E+01 1.189E-20
 6.090E+01 1.183E-20
 6.118E+01 1.176E-20
 6.146E+01 1.170E-20
 6.174E+01 1.163E-20
 6.202E+01 1.156E-20
 6.230E+01 1.150E-20
 6.259E+01 1.143E-20
 6.287E+01 1.135E-20
 6.316E+01 1.128E-20
 6.345E+01 1.121E-20
 6.374E+01 1.113E-20
 6.403E+01 1.105E-20
 6.432E+01 1.097E-20
 6.462E+01 1.089E-20
 6.491E+01 1.081E-20
 6.521E+01 1.073E-20
 6.550E+01 1.064E-20
 6.580E+01 1.056E-20
 6.610E+01 1.047E-20
 6.641E+01 1.038E-20
 6.671E+01 1.029E-20
 6.701E+01 1.019E-20
 6.732E+01 1.010E-20
 6.763E+01 1.000E-20
 6.793E+01 9.901E-21
 6.825E+01 9.801E-21
 6.856E+01 9.698E-21
 6.887E+01 9.594E-21
 6.918E+01 9.488E-21
 6.950E+01 9.380E-21
 6.982E+01 9.271E-21
 7.014E+01 9.159E-21
 7.046E+01 9.046E-21
 7.078E+01 8.930E-21
 7.110E+01 8.813E-21
 7.143E+01 8.693E-21
 7.175E+01 8.572E-21
 7.208E+01 8.448E-21
 7.241E+01 8.323E-21
 7.274E+01 8.195E-21
 7.307E+01 8.066E-21
 7.340E+01 7.934E-21
 7.374E+01 7.800E-21
 7.408E+01 7.664E-21
 7.441E+01 7.526E-21
 7.475E+01 7.385E-21
 7.509E+01 7.243E-21
 7.544E+01 7.098E-21
 7.578E+01 6.950E-21
 7.613E+01 6.801E-21
 7.648E+01 6.649E-21
 7.682E+01 6.494E-21
 7.718E+01 6.338E-21
 7.753E+01 6.179E-21
 7.788E+01 6.017E-21
 7.824E+01 5.853E-21
 7.859E+01 5.686E-21
 7.895E+01 5.517E-21
 7.931E+01 5.346E-21
 7.968E+01 5.171E-21
 8.004E+01 5.010E-21
 8.040E+01 4.979E-21
 8.077E+01 4.946E-21
 8.114E+01 4.913E-21
 8.151E+01 4.879E-21
 8.188E+01 4.845E-21
 8.226E+01 4.810E-21
 8.263E+01 4.774E-21
 8.301E+01 4.737E-21
 8.339E+01 4.700E-21
 8.377E+01 4.662E-21
 8.415E+01 4.624E-21
 8.454E+01 4.584E-21
 8.492E+01 4.544E-21
 8.531E+01 4.503E-21
 8.570E+01 4.462E-21
 8.609E+01 4.419E-21
 8.648E+01 4.376E-21
 8.688E+01 4.332E-21
 8.727E+01 4.288E-21
 8.767E+01 4.242E-21
 8.807E+01 4.196E-21
 8.847E+01 4.149E-21
 8.888E+01 4.101E-21
 8.928E+01 4.052E-21
 8.969E+01 4.003E-21
 9.010E+01 3.952E-21
 9.051E+01 3.901E-21
 9.093E+01 3.849E-21
 9.134E+01 3.796E-21
 9.176E+01 3.742E-21
 9.218E+01 3.687E-21
 9.260E+01 3.632E-21
 9.302E+01 3.575E-21
 9.344E+01 3.517E-21
 9.387E+01 3.459E-21
 9.430E+01 3.399E-21
 9.473E+01 3.339E-21
 9.516E+01 3.278E-21
 9.560E+01 3.215E-21
 9.603E+01 3.152E-21
 9.647E+01 3.088E-21
 9.691E+01 3.022E-21
 9.735E+01 2.956E-21
 9.780E+01 2.888E-21
 9.825E+01 2.820E-21
 9.869E+01 2.750E-21
 9.914E+01 2.680E-21
 9.960E+01 2.608E-21
 1.001E+02 2.542E-21
 1.005E+02 2.523E-21
 1.010E+02 2.504E-21
 1.014E+02 2.484E-21
 1.019E+02 2.464E-21
 1.024E+02 2.444E-21
 1.028E+02 2.423E-21
 1.033E+02 2.402E-21
 1.038E+02 2.381E-21
 1.042E+02 2.359E-21
 1.047E+02 2.336E-21
 1.052E+02 2.314E-21
 1.057E+02 2.291E-21
 1.062E+02 2.267E-21
 1.066E+02 2.243E-21
 1.071E+02 2.219E-21
 1.076E+02 2.194E-21
 1.081E+02 2.169E-21
 1.086E+02 2.143E-21
 1.091E+02 2.117E-21
 1.096E+02 2.091E-21
 1.101E+02 2.064E-21
 1.106E+02 2.036E-21
 1.111E+02 2.008E-21
 1.116E+02 1.980E-21
 1.121E+02 1.951E-21
 1.126E+02 1.922E-21
 1.131E+02 1.892E-21
 1.137E+02 1.862E-21
 1.142E+02 1.831E-21
 1.147E+02 1.800E-21
 1.152E+02 1.768E-21
 1.158E+02 1.736E-21
 1.163E+02 1.703E-21
 1.168E+02 1.669E-21
 1.173E+02 1.636E-21
 1.179E+02 1.601E-21
 1.184E+02 1.566E-21
 1.190E+02 1.531E-21
 1.195E+02 1.495E-21
 1.200E+02 1.460E-21
 1.206E+02 1.448E-21
 1.211E+02 1.436E-21
 1.217E+02 1.424E-21
 1.223E+02 1.411E-21
 1.228E+02 1.398E-21
 1.234E+02 1.385E-21
 1.239E+02 1.372E-21
 1.245E+02 1.358E-21
 1.251E+02 1.344E-21
 1.256E+02 1.330E-21
 1.262E+02 1.316E-21
 1.268E+02 1.301E-21
 1.274E+02 1.286E-21
 1.279E+02 1.271E-21
 1.285E+02 1.256E-21
 1.291E+02 1.240E-21
 1.297E+02 1.224E-21
 1.303E+02 1.208E-21
 1.309E+02 1.192E-21
 1.315E+02 1.175E-21
 1.321E+02 1.158E-21
 1.327E+02 1.141E-21
 1.333E+02 1.124E-21
 1.339E+02 1.106E-21
 1.345E+02 1.088E-21
 1.351E+02 1.070E-21
 1.358E+02 1.051E-21
 1.364E+02 1.032E-21
 1.370E+02 1.013E-21
 1.376E+02 9.942E-22
 1.383E+02 9.747E-22
 1.389E+02 9.550E-22
 1.395E+02 9.351E-22
 1.402E+02 9.181E-22
 1.408E+02 9.109E-22
 1.414E+02 9.037E-22
 1.421E+02 8.966E-22
 1.427E+02 8.895E-22
 1.434E+02 8.824E-22
 1.440E+02 8.755E-22
 1.447E+02 8.687E-22
 1.454E+02 8.621E-22
 1.460E+02 8.557E-22
 1.467E+02 8.496E-22
 1.474E+02 8.439E-22
 1.480E+02 8.386E-22
 1.487E+02 8.338E-22
 1.494E+02 8.295E-22
 1.501E+02 8.260E-22
 1.507E+02 8.234E-22
 1.514E+02 8.217E-22
 1.521E+02 8.211E-22
 1.528E+02 8.218E-22
 1.535E+02 8.240E-22
 1.542E+02 8.280E-22
 1.549E+02 8.340E-22
 1.556E+02 8.422E-22
 1.563E+02 8.531E-22
 1.571E+02 8.670E-22
 1.578E+02 8.843E-22
 1.585E+02 9.054E-22
 1.592E+02 9.310E-22
 1.599E+02 9.616E-22
 1.607E+02 1.002E-21
 1.614E+02 1.050E-21
 1.621E+02 1.106E-21
 1.629E+02 1.170E-21
 1.636E+02 1.244E-21
 1.644E+02 1.329E-21
 1.651E+02 1.426E-21
 1.659E+02 1.536E-21
 1.666E+02 1.662E-21
 1.674E+02 1.806E-21
 1.682E+02 1.968E-21
 1.689E+02 2.152E-21
 1.697E+02 2.361E-21
 1.705E+02 2.596E-21
 1.713E+02 2.862E-21
 1.720E+02 3.162E-21
 1.728E+02 3.500E-21
 1.736E+02 3.880E-21
 1.744E+02 4.307E-21
 1.752E+02 4.787E-21
 1.760E+02 5.326E-21
 1.768E+02 5.930E-21
 1.776E+02 6.607E-21
 1.784E+02 7.365E-21
 1.792E+02 8.213E-21
 1.800E+02 9.161E-21
 1.809E+02 1.022E-20
 1.817E+02 1.140E-20
 1.825E+02 1.272E-20
 1.834E+02 1.419E-20
 1.842E+02 1.583E-20
 1.850E+02 1.765E-20
 1.859E+02 1.968E-20
 1.867E+02 2.194E-20
 1.876E+02 2.445E-20
 1.884E+02 2.723E-20
 1.893E+02 3.032E-20
 1.902E+02 3.375E-20
 1.910E+02 3.755E-20
 1.919E+02 4.176E-20
 1.928E+02 4.643E-20
 1.937E+02 5.159E-20
 1.945E+02 5.730E-20
 1.954E+02 6.360E-20
 1.963E+02 7.057E-20
 1.972E+02 7.827E-20
 1.981E+02 8.676E-20
 1.990E+02 9.612E-20
 1.999E+02 1.064E-19
 2.008E+02 1.178E-19
 2.018E+02 1.303E-19
 2.027E+02 1.441E-19
 2.036E+02 1.592E-19
 2.045E+02 1.759E-19
 2.055E+02 1.942E-19
 2.064E+02 2.142E-19
 2.074E+02 2.363E-19
 2.083E+02 2.604E-19
 2.093E+02 2.869E-19
 2.102E+02 3.159E-19
 2.112E+02 3.477E-19
 2.121E+02 3.825E-19
 2.131E+02 4.205E-19
 2.141E+02 4.621E-19
 2.150E+02 5.076E-19
 2.160E+02 5.572E-19
 2.170E+02 6.114E-19
 2.180E+02 6.705E-19
 2.190E+02 7.350E-19
 2.200E+02 8.052E-19
 2.210E+02 8.818E-19
 2.220E+02 9.651E-19
 2.230E+02 1.056E-18
 2.240E+02 1.155E-18
 2.251E+02 1.262E-18
 2.261E+02 1.378E-18
 2.271E+02 1.505E-18
 2.282E+02 1.642E-18
 2.292E+02 1.792E-18
 2.303E+02 1.953E-18
 2.313E+02 2.129E-18
 2.324E+02 2.319E-18
 2.334E+02 2.525E-18
 2.345E+02 2.747E-18
 2.356E+02 2.988E-18
 2.366E+02 3.249E-18
 2.377E+02 3.531E-18
 2.388E+02 3.835E-18
 2.399E+02 4.164E-18
 2.410E+02 4.519E-18
 2.421E+02 4.902E-18
 2.432E+02 5.315E-18
 2.443E+02 5.760E-18
 2.454E+02 6.240E-18
 2.465E+02 6.756E-18
 2.477E+02 7.313E-18
 2.488E+02 7.911E-18
 2.499E+02 8.555E-18
 2.511E+02 9.247E-18
 2.522E+02 9.990E-18
 2.534E+02 1.079E-17
 2.545E+02 1.165E-17
 2.557E+02 1.257E-17
 2.568E+02 1.355E-17
 2.580E+02 1.461E-17
 2.592E+02 1.575E-17
 2.604E+02 1.696E-17
 2.616E+02 1.826E-17
 2.628E+02 1.966E-17
 2.640E+02 2.115E-17
 2.652E+02 2.274E-17
 2.664E+02 2.445E-17
 2.676E+02 2.627E-17
 2.688E+02 2.821E-17
 2.700E+02 3.029E-17
 2.713E+02 3.250E-17
 2.725E+02 3.487E-17
 2.738E+02 3.739E-17
 2.750E+02 4.008E-17
 2.763E+02 4.294E-17
 2.775E+02 4.599E-17
 2.788E+02 4.924E-17
 2.801E+02 5.270E-17
 2.813E+02 5.638E-17
 2.826E+02 6.029E-17
 2.839E+02 6.444E-17
 2.852E+02 6.886E-17
 2.865E+02 7.355E-17
 2.878E+02 7.853E-17
 2.891E+02 8.382E-17
 2.905E+02 8.943E-17
 2.918E+02 9.537E-17
 2.931E+02 1.017E-16
 2.945E+02 1.084E-16
 2.958E+02 1.154E-16
 2.971E+02 1.229E-16
 2.985E+02 1.309E-16
 2.999E+02 1.393E-16
 3.012E+02 1.481E-16
 3.026E+02 1.575E-16
 3.040E+02 1.674E-16
 3.054E+02 1.779E-16
 3.068E+02 1.890E-16
 3.082E+02 2.007E-16
 3.096E+02 2.130E-16
 3.110E+02 2.260E-16
 3.124E+02 2.397E-16
 3.138E+02 2.542E-16
 3.153E+02 2.694E-16
 3.167E+02 2.855E-16
 3.182E+02 3.024E-16
 3.196E+02 3.202E-16
 3.211E+02 3.389E-16
 3.225E+02 3.586E-16
 3.240E+02 3.793E-16
 3.255E+02 4.011E-16
 3.270E+02 4.240E-16
 3.285E+02 4.481E-16
 3.300E+02 4.733E-16
 3.315E+02 4.998E-16
 3.330E+02 5.276E-16
 3.345E+02 5.568E-16
 3.360E+02 5.874E-16
 3.376E+02 6.195E-16
 3.391E+02 6.531E-16
 3.407E+02 6.884E-16
 3.422E+02 7.253E-16
 3.438E+02 7.639E-16
 3.453E+02 8.043E-16
 3.469E+02 8.466E-16
 3.485E+02 8.909E-16
 3.501E+02 9.371E-16
 3.517E+02 9.855E-16
 3.533E+02 1.036E-15
 3.549E+02 1.089E-15
 3.565E+02 1.144E-15
 3.582E+02 1.201E-15
 3.598E+02 1.262E-15
 3.614E+02 1.324E-15
 3.631E+02 1.390E-15
 3.647E+02 1.458E-15
 3.664E+02 1.529E-15
 3.681E+02 1.603E-15
 3.698E+02 1.680E-15
 3.714E+02 1.760E-15
 3.731E+02 1.843E-15
 3.748E+02 1.930E-15
 3.766E+02 2.021E-15
 3.783E+02 2.115E-15
 3.800E+02 2.213E-15
 3.817E+02 2.314E-15
 3.835E+02 2.420E-15
 3.852E+02 2.530E-15
 3.870E+02 2.644E-15
 3.888E+02 2.762E-15
 3.905E+02 2.885E-15
 3.923E+02 3.012E-15
 3.941E+02 3.144E-15
 3.959E+02 3.282E-15
 3.977E+02 3.424E-15
 3.995E+02 3.571E-15
 4.014E+02 3.723E-15
 4.032E+02 3.881E-15
 4.050E+02 4.045E-15
 4.069E+02 4.214E-15
 4.087E+02 4.390E-15
 4.106E+02 4.571E-15
 4.125E+02 4.759E-15
 4.144E+02 4.953E-15
 4.162E+02 5.153E-15
 4.181E+02 5.360E-15
 4.201E+02 5.574E-15
 4.220E+02 5.795E-15
 4.239E+02 6.024E-15
 4.258E+02 6.260E-15
 4.278E+02 6.503E-15
 4.297E+02 6.754E-15
 4.317E+02 7.013E-15
 4.337E+02 7.280E-15
 4.356E+02 7.555E-15
 4.376E+02 7.838E-15
 4.396E+02 8.131E-15
 4.416E+02 8.432E-15
 4.437E+02 8.742E-15
 4.457E+02 9.061E-15
 4.477E+02 9.390E-15
 4.498E+02 9.728E-15
 4.518E+02 1.008E-14
 4.539E+02 1.043E-14
 4.559E+02 1.080E-14
 4.580E+02 1.118E-14
 4.601E+02 1.157E-14
 4.622E+02 1.197E-14
 4.643E+02 1.238E-14
 4.664E+02 1.280E-14
 4.686E+02 1.323E-14
 4.707E+02 1.367E-14
 4.729E+02 1.413E-14
 4.750E+02 1.460E-14
 4.772E+02 1.508E-14
 4.794E+02 1.557E-14
 4.816E+02 1.607E-14
 4.838E+02 1.659E-14
 4.860E+02 1.711E-14
 4.882E+02 1.766E-14
 4.904E+02 1.821E-14
 4.926E+02 1.878E-14
 4.949E+02 1.936E-14
 4.972E+02 1.995E-14
 4.994E+02 2.056E-14
 5.017E+02 2.119E-14
 5.040E+02 2.182E-14
 5.063E+02 2.247E-14
 5.086E+02 2.314E-14
 5.109E+02 2.382E-14
 5.133E+02 2.451E-14
 5.156E+02 2.522E-14
 5.180E+02 2.595E-14
 5.203E+02 2.669E-14
 5.227E+02 2.744E-14
 5.251E+02 2.821E-14
 5.275E+02 2.900E-14
 5.299E+02 2.980E-14
 5.323E+02 3.062E-14
 5.347E+02 3.145E-14
 5.372E+02 3.230E-14
 5.396E+02 3.317E-14
 5.421E+02 3.405E-14
 5.446E+02 3.495E-14
 5.471E+02 3.586E-14
 5.496E+02 3.679E-14
 5.521E+02 3.774E-14
 5.546E+02 3.871E-14
 5.571E+02 3.969E-14
 5.597E+02 4.069E-14
 5.622E+02 4.170E-14
 5.648E+02 4.273E-14
 5.674E+02 4.378E-14
 5.699E+02 4.485E-14
 5.725E+02 4.594E-14
 5.752E+02 4.704E-14
 5.778E+02 4.815E-14
 5.804E+02 4.929E-14
 5.831E+02 5.044E-14
 5.857E+02 5.161E-14
 5.884E+02 5.280E-14
 5.911E+02 5.401E-14
 5.938E+02 5.523E-14
 5.965E+02 5.647E-14
 5.992E+02 5.772E-14
 6.020E+02 5.900E-14
 6.047E+02 6.029E-14
 6.075E+02 6.160E-14
 6.102E+02 6.292E-14
 6.130E+02 6.427E-14
 6.158E+02 6.562E-14
 6.186E+02 6.700E-14
 6.215E+02 6.839E-14
 6.243E+02 6.980E-14
 6.272E+02 7.123E-14
 6.300E+02 7.267E-14
 6.329E+02 7.413E-14
 6.358E+02 7.560E-14
 6.387E+02 7.710E-14
 6.416E+02 7.860E-14
 6.445E+02 8.012E-14
 6.475E+02 8.166E-14
 6.504E+02 8.322E-14
 6.534E+02 8.479E-14
 6.564E+02 8.637E-14
 6.594E+02 8.797E-14
 6.624E+02 8.958E-14
 6.654E+02 9.121E-14
 6.684E+02 9.286E-14
 6.715E+02 9.451E-14
 6.746E+02 9.618E-14
 6.776E+02 9.787E-14
 6.807E+02 9.957E-14
 6.838E+02 1.013E-13
 6.870E+02 1.030E-13
 6.901E+02 1.047E-13
 6.932E+02 1.065E-13
 6.964E+02 1.083E-13
 6.996E+02 1.100E-13
 7.028E+02 1.118E-13
 7.060E+02 1.136E-13
 7.092E+02 1.154E-13
 7.125E+02 1.172E-13
 7.157E+02 1.191E-13
 7.190E+02 1.209E-13
 7.223E+02 1.227E-13
 7.256E+02 1.246E-13
 7.289E+02 1.265E-13
 7.322E+02 1.284E-13
 7.355E+02 1.302E-13
 7.389E+02 1.321E-13
 7.423E+02 1.340E-13
 7.457E+02 1.359E-13
 7.491E+02 1.378E-13
 7.525E+02 1.398E-13
 7.559E+02 1.417E-13
 7.594E+02 1.436E-13
 7.628E+02 1.456E-13
 7.663E+02 1.475E-13
 7.698E+02 1.495E-13
 7.733E+02 1.514E-13
 7.769E+02 1.534E-13
 7.804E+02 1.553E-13
 7.840E+02 1.573E-13
 7.875E+02 1.593E-13
 7.911E+02 1.612E-13
 7.947E+02 1.632E-13
 7.984E+02 1.652E-13
 8.020E+02 1.671E-13
 8.057E+02 1.691E-13
 8.094E+02 1.711E-13
 8.131E+02 1.731E-13
 8.168E+02 1.750E-13
 8.205E+02 1.770E-13
 8.242E+02 1.790E-13
 8.280E+02 1.810E-13
 8.318E+02 1.829E-13
 8.356E+02 1.849E-13
 8.394E+02 1.868E-13
 8.432E+02 1.888E-13
 8.471E+02 1.908E-13
 8.509E+02 1.927E-13
 8.548E+02 1.946E-13
 8.587E+02 1.966E-13
 8.626E+02 1.985E-13
 8.666E+02 2.004E-13
 8.705E+02 2.024E-13
 8.745E+02 2.043E-13
 8.785E+02 2.062E-13
 8.825E+02 2.081E-13
 8.865E+02 2.100E-13
 8.906E+02 2.119E-13
 8.947E+02 2.137E-13
 8.987E+02 2.156E-13
 9.028E+02 2.174E-13
 9.070E+02 2.193E-13
 9.111E+02 2.211E-13
 9.153E+02 2.229E-13
 9.194E+02 2.247E-13
 9.236E+02 2.265E-13
 9.279E+02 2.283E-13
 9.321E+02 2.301E-13
 9.363E+02 2.318E-13
 9.406E+02 2.336E-13
 9.449E+02 2.353E-13
 9.492E+02 2.370E-13
 9.536E+02 2.387E-13
 9.579E+02 2.404E-13
 9.623E+02 2.421E-13
 9.667E+02 2.438E-13
 9.711E+02 2.454E-13
 9.755E+02 2.470E-13
 9.800E+02 2.486E-13
 9.845E+02 2.502E-13
 9.890E+02 2.518E-13
 9.935E+02 2.534E-13
 9.980E+02 2.549E-13
 1.003E+03 2.564E-13
 1.007E+03 2.579E-13
 1.012E+03 2.594E-13
 1.016E+03 2.609E-13
 1.021E+03 2.623E-13
 1.026E+03 2.637E-13
 1.030E+03 2.651E-13
 1.035E+03 2.665E-13
 1.040E+03 2.679E-13
 1.045E+03 2.692E-13
 1.049E+03 2.706E-13
 1.054E+03 2.719E-13
 1.059E+03 2.731E-13
 1.064E+03 2.744E-13
 1.069E+03 2.756E-13
 1.073E+03 2.768E-13
 1.078E+03 2.780E-13
 1.083E+03 2.792E-13
 1.088E+03 2.804E-13
 1.093E+03 2.815E-13
 1.098E+03 2.826E-13
 1.103E+03 2.837E-13
 1.108E+03 2.847E-13
 1.113E+03 2.858E-13
 1.118E+03 2.868E-13
 1.123E+03 2.877E-13
 1.129E+03 2.887E-13
 1.134E+03 2.896E-13
 1.139E+03 2.906E-13
 1.144E+03 2.914E-13
 1.149E+03 2.923E-13
 1.155E+03 2.932E-13
 1.160E+03 2.940E-13
 1.165E+03 2.948E-13
 1.170E+03 2.955E-13
 1.176E+03 2.963E-13
 1.181E+03 2.970E-13
 1.187E+03 2.977E-13
 1.192E+03 2.984E-13
 1.197E+03 2.990E-13
 1.203E+03 2.996E-13
 1.208E+03 3.002E-13
 1.214E+03 3.008E-13
 1.219E+03 3.013E-13
 1.225E+03 3.018E-13
 1.231E+03 3.023E-13
 1.236E+03 3.028E-13
 1.242E+03 3.033E-13
 1.248E+03 3.037E-13
 1.253E+03 3.041E-13
 1.259E+03 3.044E-13
 1.265E+03 3.048E-13
 1.270E+03 3.051E-13
 1.276E+03 3.054E-13
 1.282E+03 3.057E-13
 1.288E+03 3.059E-13
 1.294E+03 3.061E-13
 1.300E+03 3.063E-13
 1.306E+03 3.065E-13
 1.312E+03 3.067E-13
 1.318E+03 3.068E-13
 1.324E+03 3.069E-13
 1.330E+03 3.070E-13
 1.336E+03 3.070E-13
 1.342E+03 3.071E-13
 1.348E+03 3.071E-13
 1.354E+03 3.070E-13
 1.360E+03 3.070E-13
 1.367E+03 3.069E-13
 1.373E+03 3.069E-13
 1.379E+03 3.067E-13
 1.385E+03 3.066E-13
 1.392E+03 3.065E-13
 1.398E+03 3.063E-13
 1.404E+03 3.061E-13
 1.411E+03 3.059E-13
 1.417E+03 3.056E-13
 1.424E+03 3.054E-13
 1.430E+03 3.051E-13
 1.437E+03 3.048E-13
 1.443E+03 3.044E-13
 1.450E+03 3.041E-13
 1.456E+03 3.037E-13
 1.463E+03 3.033E-13
 1.470E+03 3.029E-13
 1.477E+03 3.025E-13
 1.483E+03 3.020E-13
 1.490E+03 3.015E-13
 1.497E+03 3.011E-13
 1.504E+03 3.005E-13
 1.511E+03 3.000E-13
 1.517E+03 2.995E-13
 1.524E+03 2.989E-13
 1.531E+03 2.983E-13
 1.538E+03 2.977E-13
 1.545E+03 2.971E-13
 1.552E+03 2.964E-13
 1.559E+03 2.958E-13
 1.567E+03 2.951E-13
 1.574E+03 2.944E-13
 1.581E+03 2.937E-13
 1.588E+03 2.930E-13
 1.595E+03 2.922E-13
 1.603E+03 2.915E-13
 1.610E+03 2.907E-13
 1.617E+03 2.899E-13
 1.625E+03 2.891E-13
 1.632E+03 2.883E-13
 1.640E+03 2.874E-13
 1.647E+03 2.866E-13
 1.655E+03 2.857E-13
 1.662E+03 2.848E-13
 1.670E+03 2.839E-13
 1.677E+03 2.830E-13
 1.685E+03 2.821E-13
 1.693E+03 2.812E-13
 1.700E+03 2.802E-13
 1.708E+03 2.793E-13
 1.716E+03 2.783E-13
 1.724E+03 2.773E-13
 1.732E+03 2.763E-13
 1.740E+03 2.753E-13
 1.748E+03 2.743E-13
 1.756E+03 2.732E-13
 1.764E+03 2.722E-13
 1.772E+03 2.711E-13
 1.780E+03 2.701E-13
 1.788E+03 2.690E-13
 1.796E+03 2.679E-13
 1.804E+03 2.668E-13
 1.812E+03 2.657E-13
 1.821E+03 2.646E-13
 1.829E+03 2.634E-13
 1.837E+03 2.623E-13
 1.846E+03 2.612E-13
 1.854E+03 2.600E-13
 1.863E+03 2.588E-13
 1.871E+03 2.577E-13
 1.880E+03 2.565E-13
 1.888E+03 2.553E-13
 1.897E+03 2.541E-13
 1.906E+03 2.529E-13
 1.914E+03 2.517E-13
 1.923E+03 2.505E-13
 1.932E+03 2.493E-13
 1.941E+03 2.481E-13
 1.949E+03 2.468E-13
 1.958E+03 2.456E-13
 1.967E+03 2.443E-13
 1.976E+03 2.431E-13
 1.985E+03 2.418E-13
 1.994E+03 2.406E-13
 2.003E+03 2.393E-13
 2.013E+03 2.381E-13
 2.022E+03 2.368E-13
 2.031E+03 2.355E-13
 2.040E+03 2.342E-13
 2.050E+03 2.329E-13
 2.059E+03 2.317E-13
 2.068E+03 2.304E-13
 2.078E+03 2.291E-13
 2.087E+03 2.278E-13
 2.097E+03 2.265E-13
 2.106E+03 2.252E-13
 2.116E+03 2.239E-13
 2.126E+03 2.226E-13
 2.135E+03 2.212E-13
 2.145E+03 2.199E-13
 2.155E+03 2.186E-13
 2.165E+03 2.173E-13
 2.175E+03 2.160E-13
 2.184E+03 2.147E-13
 2.194E+03 2.134E-13
 2.204E+03 2.120E-13
 2.215E+03 2.107E-13
 2.225E+03 2.094E-13
 2.235E+03 2.081E-13
 2.245E+03 2.068E-13
 2.255E+03 2.055E-13
 2.266E+03 2.041E-13
 2.276E+03 2.028E-13
 2.286E+03 2.015E-13
 2.297E+03 2.002E-13
 2.307E+03 1.989E-13
 2.318E+03 1.975E-13
 2.328E+03 1.962E-13
 2.339E+03 1.949E-13
 2.350E+03 1.936E-13
 2.360E+03 1.923E-13
 2.371E+03 1.910E-13
 2.382E+03 1.897E-13
 2.393E+03 1.884E-13
 2.404E+03 1.871E-13
 2.415E+03 1.858E-13
 2.426E+03 1.845E-13
 2.437E+03 1.832E-13
 2.448E+03 1.819E-13
 2.459E+03 1.806E-13
 2.470E+03 1.793E-13
 2.482E+03 1.780E-13
 2.493E+03 1.767E-13
 2.504E+03 1.754E-13
 2.516E+03 1.742E-13
 2.527E+03 1.729E-13
 2.539E+03 1.716E-13
 2.550E+03 1.704E-13
 2.562E+03 1.691E-13
 2.574E+03 1.678E-13
 2.585E+03 1.666E-13
 2.597E+03 1.653E-13
 2.609E+03 1.641E-13
 2.621E+03 1.628E-13
 2.633E+03 1.616E-13
 2.645E+03 1.604E-13
 2.657E+03 1.591E-13
 2.669E+03 1.579E-13
 2.681E+03 1.567E-13
 2.694E+03 1.555E-13
 2.706E+03 1.542E-13
 2.718E+03 1.530E-13
 2.731E+03 1.518E-13
 2.743E+03 1.506E-13
 2.756E+03 1.494E-13
 2.768E+03 1.482E-13
 2.781E+03 1.471E-13
 2.794E+03 1.459E-13
 2.806E+03 1.447E-13
 2.819E+03 1.435E-13
 2.832E+03 1.424E-13
 2.845E+03 1.412E-13
 2.858E+03 1.400E-13
 2.871E+03 1.389E-13
 2.884E+03 1.377E-13
 2.897E+03 1.366E-13
 2.910E+03 1.355E-13
 2.924E+03 1.343E-13
 2.937E+03 1.332E-13
 2.951E+03 1.321E-13
 2.964E+03 1.310E-13
 2.978E+03 1.299E-13
 2.991E+03 1.288E-13
 3.005E+03 1.277E-13
 3.019E+03 1.266E-13
 3.032E+03 1.255E-13
 3.046E+03 1.244E-13
 3.060E+03 1.234E-13
 3.074E+03 1.223E-13
 3.088E+03 1.213E-13
 3.102E+03 1.202E-13
 3.116E+03 1.192E-13
 3.131E+03 1.181E-13
 3.145E+03 1.171E-13
 3.159E+03 1.160E-13
 3.174E+03 1.150E-13
 3.188E+03 1.140E-13
 3.203E+03 1.130E-13
 3.217E+03 1.120E-13
 3.232E+03 1.110E-13
 3.247E+03 1.100E-13
 3.262E+03 1.090E-13
 3.276E+03 1.080E-13
 3.291E+03 1.071E-13
 3.306E+03 1.061E-13
 3.321E+03 1.051E-13
 3.337E+03 1.042E-13
 3.352E+03 1.032E-13
 3.367E+03 1.023E-13
 3.383E+03 1.013E-13
 3.398E+03 1.004E-13
 3.413E+03 9.948E-14
 3.429E+03 9.857E-14
 3.445E+03 9.765E-14
 3.460E+03 9.675E-14
 3.476E+03 9.585E-14
 3.492E+03 9.495E-14
 3.508E+03 9.406E-14
 3.524E+03 9.318E-14
 3.540E+03 9.231E-14
 3.556E+03 9.144E-14
 3.573E+03 9.057E-14
 3.589E+03 8.972E-14
 3.605E+03 8.887E-14
 3.622E+03 8.802E-14
 3.638E+03 8.718E-14
 3.655E+03 8.635E-14
 3.672E+03 8.552E-14
 3.688E+03 8.470E-14
 3.705E+03 8.389E-14
 3.722E+03 8.308E-14
 3.739E+03 8.228E-14
 3.756E+03 8.148E-14
 3.773E+03 8.069E-14
 3.790E+03 7.991E-14
 3.808E+03 7.913E-14
 3.825E+03 7.835E-14
 3.843E+03 7.759E-14
 3.860E+03 7.683E-14
 3.878E+03 7.607E-14
 3.895E+03 7.532E-14
 3.913E+03 7.458E-14
 3.931E+03 7.384E-14
 3.949E+03 7.311E-14
 3.967E+03 7.239E-14
 3.985E+03 7.167E-14
 4.003E+03 7.096E-14
 4.022E+03 7.025E-14
 4.040E+03 6.954E-14
 4.058E+03 6.885E-14
 4.077E+03 6.816E-14
 4.096E+03 6.747E-14
 4.114E+03 6.679E-14
 4.133E+03 6.612E-14
 4.152E+03 6.545E-14
 4.171E+03 6.479E-14
 4.190E+03 6.413E-14
 4.209E+03 6.348E-14
 4.228E+03 6.283E-14
 4.248E+03 6.219E-14
 4.267E+03 6.156E-14
 4.286E+03 6.093E-14
 4.306E+03 6.030E-14
 4.326E+03 5.968E-14
 4.345E+03 5.907E-14
 4.365E+03 5.846E-14
 4.385E+03 5.786E-14
 4.405E+03 5.726E-14
 4.425E+03 5.666E-14
 4.446E+03 5.608E-14
 4.466E+03 5.549E-14
 4.486E+03 5.492E-14
 4.507E+03 5.434E-14
 4.527E+03 5.378E-14
 4.548E+03 5.321E-14
 4.569E+03 5.266E-14
 4.590E+03 5.210E-14
 4.611E+03 5.156E-14
 4.632E+03 5.102E-14
 4.653E+03 5.048E-14
 4.674E+03 4.994E-14
 4.695E+03 4.942E-14
 4.717E+03 4.889E-14
 4.738E+03 4.838E-14
 4.760E+03 4.786E-14
 4.782E+03 4.735E-14
 4.803E+03 4.685E-14
 4.825E+03 4.635E-14
 4.847E+03 4.585E-14
 4.870E+03 4.536E-14
 4.892E+03 4.488E-14
 4.914E+03 4.440E-14
 4.936E+03 4.392E-14
 4.959E+03 4.345E-14
 4.982E+03 4.298E-14
 5.004E+03 4.252E-14
 5.027E+03 4.206E-14
 5.050E+03 4.160E-14
 5.073E+03 4.115E-14
 5.096E+03 4.071E-14
 5.120E+03 4.027E-14
 5.143E+03 3.983E-14
 5.167E+03 3.940E-14
 5.190E+03 3.897E-14
 5.214E+03 3.854E-14
 5.238E+03 3.812E-14
 5.262E+03 3.770E-14
 5.286E+03 3.729E-14
 5.310E+03 3.688E-14
 5.334E+03 3.648E-14
 5.358E+03 3.608E-14
 5.383E+03 3.568E-14
 5.407E+03 3.529E-14
 5.432E+03 3.490E-14
 5.457E+03 3.451E-14
 5.482E+03 3.413E-14
 5.507E+03 3.375E-14
 5.532E+03 3.338E-14
 5.557E+03 3.301E-14
 5.582E+03 3.264E-14
 5.608E+03 3.228E-14
 5.634E+03 3.192E-14
 5.659E+03 3.156E-14
 5.685E+03 3.121E-14
 5.711E+03 3.086E-14
 5.737E+03 3.052E-14
 5.763E+03 3.018E-14
 5.790E+03 2.984E-14
 5.816E+03 2.950E-14
 5.843E+03 2.917E-14
 5.869E+03 2.884E-14
 5.896E+03 2.852E-14
 5.923E+03 2.820E-14
 5.950E+03 2.788E-14
 5.977E+03 2.756E-14
 6.004E+03 2.725E-14
 6.032E+03 2.695E-14
 6.059E+03 2.664E-14
 6.087E+03 2.634E-14
 6.115E+03 2.604E-14
 6.143E+03 2.574E-14
 6.171E+03 2.545E-14
 6.199E+03 2.516E-14
 6.227E+03 2.487E-14
 6.256E+03 2.459E-14
 6.284E+03 2.431E-14
 6.313E+03 2.403E-14
 6.342E+03 2.376E-14
 6.371E+03 2.349E-14
 6.400E+03 2.322E-14
 6.429E+03 2.295E-14
 6.458E+03 2.269E-14
 6.488E+03 2.243E-14
 6.517E+03 2.217E-14
 6.547E+03 2.191E-14
 6.577E+03 2.166E-14
 6.607E+03 2.141E-14
 6.637E+03 2.116E-14
 6.668E+03 2.092E-14
 6.698E+03 2.068E-14
 6.729E+03 2.044E-14
 6.759E+03 2.020E-14
 6.790E+03 1.997E-14
 6.821E+03 1.974E-14
 6.852E+03 1.951E-14
 6.884E+03 1.928E-14
 6.915E+03 1.906E-14
 6.947E+03 1.883E-14
 6.978E+03 1.861E-14
 7.010E+03 1.840E-14
 7.042E+03 1.818E-14
 7.074E+03 1.797E-14
 7.107E+03 1.776E-14
 7.139E+03 1.755E-14
 7.172E+03 1.735E-14
 7.204E+03 1.714E-14
 7.237E+03 1.694E-14
 7.270E+03 1.674E-14
 7.303E+03 1.655E-14
 7.337E+03 1.635E-14
 7.370E+03 1.616E-14
 7.404E+03 1.597E-14
 7.438E+03 1.578E-14
 7.472E+03 1.559E-14
 7.506E+03 1.541E-14
 7.540E+03 1.523E-14
 7.574E+03 1.505E-14
 7.609E+03 1.487E-14
 7.644E+03 1.469E-14
 7.679E+03 1.452E-14
 7.714E+03 1.435E-14
 7.749E+03 1.418E-14
 7.784E+03 1.401E-14
 7.820E+03 1.384E-14
 7.856E+03 1.368E-14
 7.891E+03 1.352E-14
 7.927E+03 1.336E-14
 7.964E+03 1.320E-14
 8.000E+03 1.304E-14
