BC03 Z=0.0200 t(yr)=  1.00E+07
 1.000E+00 = U (heating rate factor)
 6.421E-13 = u( h nu < 13.6eV) (erg cm-3)
 2.249E-13 = u_starlight( h nu < 13.6eV) (erg cm-3)
 1.053E-03 = <h nu> (eV)
 lambda lambda*u_lambda
   (um)    (erg cm-3)
 9.120E-02 8.824E-15
 9.162E-02 1.590E-14
 9.203E-02 3.786E-14
 9.245E-02 6.013E-14
 9.288E-02 8.327E-14
 9.330E-02 1.068E-13
 9.373E-02 1.313E-13
 9.415E-02 1.566E-13
 9.458E-02 1.796E-13
 9.502E-02 1.920E-13
 9.545E-02 2.047E-13
 9.589E-02 2.099E-13
 9.632E-02 2.143E-13
 9.676E-02 1.700E-13
 9.720E-02 9.219E-14
 9.765E-02 5.527E-14
 9.809E-02 1.022E-13
 9.854E-02 1.457E-13
 9.899E-02 1.505E-13
 9.944E-02 1.554E-13
 9.990E-02 1.820E-13
 1.004E-01 2.122E-13
 1.008E-01 2.245E-13
 1.013E-01 2.283E-13
 1.017E-01 2.118E-13
 1.022E-01 1.751E-13
 1.027E-01 1.576E-13
 1.031E-01 1.759E-13
 1.036E-01 2.002E-13
 1.041E-01 2.451E-13
 1.046E-01 2.845E-13
 1.050E-01 2.750E-13
 1.055E-01 2.651E-13
 1.060E-01 2.396E-13
 1.065E-01 2.137E-13
 1.070E-01 2.258E-13
 1.074E-01 2.401E-13
 1.079E-01 2.283E-13
 1.084E-01 2.132E-13
 1.089E-01 2.301E-13
 1.094E-01 2.524E-13
 1.099E-01 2.483E-13
 1.104E-01 2.394E-13
 1.109E-01 2.357E-13
 1.114E-01 2.328E-13
 1.119E-01 2.134E-13
 1.125E-01 1.913E-13
 1.130E-01 2.146E-13
 1.135E-01 2.425E-13
 1.140E-01 2.350E-13
 1.145E-01 2.269E-13
 1.150E-01 2.287E-13
 1.156E-01 2.299E-13
 1.161E-01 2.273E-13
 1.166E-01 2.127E-13
 1.172E-01 1.603E-13
 1.177E-01 1.441E-13
 1.182E-01 1.917E-13
 1.188E-01 2.103E-13
 1.193E-01 2.001E-13
 1.199E-01 1.811E-13
 1.204E-01 1.573E-13
 1.210E-01 1.445E-13
 1.215E-01 1.345E-13
 1.221E-01 1.672E-13
 1.226E-01 1.970E-13
 1.232E-01 2.147E-13
 1.237E-01 2.252E-13
 1.243E-01 2.259E-13
 1.249E-01 2.228E-13
 1.254E-01 2.177E-13
 1.260E-01 2.181E-13
 1.266E-01 2.204E-13
 1.272E-01 2.297E-13
 1.278E-01 2.353E-13
 1.283E-01 2.359E-13
 1.289E-01 2.190E-13
 1.295E-01 1.955E-13
 1.301E-01 2.011E-13
 1.307E-01 2.108E-13
 1.313E-01 2.290E-13
 1.319E-01 2.300E-13
 1.325E-01 2.215E-13
 1.331E-01 2.154E-13
 1.337E-01 2.136E-13
 1.343E-01 2.203E-13
 1.349E-01 2.208E-13
 1.355E-01 2.179E-13
 1.362E-01 2.079E-13
 1.368E-01 2.013E-13
 1.374E-01 1.988E-13
 1.380E-01 1.957E-13
 1.387E-01 1.831E-13
 1.393E-01 1.440E-13
 1.399E-01 1.354E-13
 1.406E-01 1.431E-13
 1.412E-01 1.675E-13
 1.419E-01 1.767E-13
 1.425E-01 1.739E-13
 1.432E-01 1.797E-13
 1.438E-01 1.845E-13
 1.445E-01 1.854E-13
 1.451E-01 1.812E-13
 1.458E-01 1.744E-13
 1.465E-01 1.652E-13
 1.471E-01 1.681E-13
 1.478E-01 1.701E-13
 1.485E-01 1.700E-13
 1.491E-01 1.684E-13
 1.498E-01 1.630E-13
 1.505E-01 1.533E-13
 1.512E-01 1.366E-13
 1.519E-01 1.433E-13
 1.526E-01 1.438E-13
 1.533E-01 1.267E-13
 1.540E-01 1.174E-13
 1.547E-01 1.132E-13
 1.554E-01 1.129E-13
 1.561E-01 1.214E-13
 1.568E-01 1.305E-13
 1.575E-01 1.380E-13
 1.582E-01 1.401E-13
 1.590E-01 1.404E-13
 1.597E-01 1.403E-13
 1.604E-01 1.415E-13
 1.612E-01 1.399E-13
 1.619E-01 1.384E-13
 1.626E-01 1.387E-13
 1.634E-01 1.458E-13
 1.641E-01 1.478E-13
 1.649E-01 1.475E-13
 1.656E-01 1.467E-13
 1.664E-01 1.496E-13
 1.671E-01 1.420E-13
 1.679E-01 1.577E-13
 1.687E-01 1.532E-13
 1.694E-01 1.469E-13
 1.702E-01 1.448E-13
 1.710E-01 1.400E-13
 1.718E-01 1.353E-13
 1.726E-01 1.346E-13
 1.733E-01 1.402E-13
 1.741E-01 1.397E-13
 1.749E-01 1.398E-13
 1.757E-01 1.409E-13
 1.765E-01 1.390E-13
 1.773E-01 1.329E-13
 1.781E-01 1.342E-13
 1.790E-01 1.375E-13
 1.798E-01 1.402E-13
 1.806E-01 1.402E-13
 1.814E-01 1.280E-13
 1.822E-01 1.311E-13
 1.831E-01 1.307E-13
 1.839E-01 1.246E-13
 1.848E-01 1.184E-13
 1.856E-01 1.205E-13
 1.864E-01 1.226E-13
 1.873E-01 1.277E-13
 1.881E-01 1.201E-13
 1.890E-01 1.113E-13
 1.899E-01 1.116E-13
 1.907E-01 1.168E-13
 1.916E-01 1.104E-13
 1.925E-01 1.058E-13
 1.934E-01 1.130E-13
 1.942E-01 1.168E-13
 1.951E-01 1.099E-13
 1.960E-01 1.100E-13
 1.969E-01 1.175E-13
 1.978E-01 1.194E-13
 1.987E-01 1.129E-13
 1.996E-01 1.123E-13
 2.005E-01 1.168E-13
 2.015E-01 1.157E-13
 2.024E-01 1.193E-13
 2.033E-01 1.115E-13
 2.042E-01 1.115E-13
 2.052E-01 1.080E-13
 2.061E-01 1.076E-13
 2.070E-01 1.142E-13
 2.080E-01 1.071E-13
 2.089E-01 1.088E-13
 2.099E-01 1.068E-13
 2.108E-01 1.099E-13
 2.118E-01 1.110E-13
 2.128E-01 1.112E-13
 2.137E-01 1.086E-13
 2.147E-01 1.060E-13
 2.157E-01 1.099E-13
 2.167E-01 1.095E-13
 2.177E-01 1.082E-13
 2.187E-01 1.060E-13
 2.197E-01 1.080E-13
 2.207E-01 1.074E-13
 2.217E-01 1.055E-13
 2.227E-01 1.033E-13
 2.237E-01 1.030E-13
 2.247E-01 1.031E-13
 2.257E-01 1.014E-13
 2.268E-01 1.023E-13
 2.278E-01 1.018E-13
 2.289E-01 9.932E-14
 2.299E-01 9.627E-14
 2.309E-01 9.768E-14
 2.320E-01 9.017E-14
 2.331E-01 8.894E-14
 2.341E-01 9.335E-14
 2.352E-01 9.383E-14
 2.363E-01 9.307E-14
 2.373E-01 9.163E-14
 2.384E-01 9.062E-14
 2.395E-01 9.063E-14
 2.406E-01 8.913E-14
 2.417E-01 8.914E-14
 2.428E-01 8.869E-14
 2.439E-01 8.746E-14
 2.450E-01 8.809E-14
 2.462E-01 8.729E-14
 2.473E-01 8.586E-14
 2.484E-01 8.437E-14
 2.495E-01 6.985E-14
 2.507E-01 8.133E-14
 2.518E-01 8.257E-14
 2.530E-01 8.172E-14
 2.541E-01 8.023E-14
 2.553E-01 8.032E-14
 2.565E-01 7.999E-14
 2.576E-01 8.037E-14
 2.588E-01 7.951E-14
 2.600E-01 7.877E-14
 2.612E-01 7.773E-14
 2.624E-01 7.735E-14
 2.636E-01 7.716E-14
 2.648E-01 7.717E-14
 2.660E-01 7.570E-14
 2.672E-01 7.457E-14
 2.684E-01 7.486E-14
 2.696E-01 7.235E-14
 2.709E-01 7.142E-14
 2.721E-01 7.166E-14
 2.733E-01 7.171E-14
 2.746E-01 6.983E-14
 2.758E-01 6.969E-14
 2.771E-01 7.001E-14
 2.784E-01 6.954E-14
 2.796E-01 6.644E-14
 2.809E-01 6.787E-14
 2.822E-01 6.814E-14
 2.835E-01 6.558E-14
 2.848E-01 6.610E-14
 2.861E-01 6.579E-14
 2.874E-01 6.549E-14
 2.887E-01 6.484E-14
 2.900E-01 6.400E-14
 2.913E-01 6.352E-14
 2.927E-01 6.324E-14
 2.940E-01 6.245E-14
 2.953E-01 6.166E-14
 2.967E-01 6.139E-14
 2.980E-01 6.087E-14
 2.994E-01 6.010E-14
 3.008E-01 5.895E-14
 3.021E-01 5.882E-14
 3.035E-01 5.873E-14
 3.049E-01 5.835E-14
 3.063E-01 5.795E-14
 3.077E-01 5.718E-14
 3.091E-01 5.613E-14
 3.105E-01 5.610E-14
 3.119E-01 5.557E-14
 3.134E-01 5.491E-14
 3.148E-01 5.463E-14
 3.162E-01 5.394E-14
 3.177E-01 5.325E-14
 3.191E-01 5.266E-14
 3.206E-01 5.246E-14
 3.220E-01 5.192E-14
 3.235E-01 5.138E-14
 3.250E-01 5.113E-14
 3.265E-01 5.052E-14
 3.280E-01 5.001E-14
 3.295E-01 4.956E-14
 3.310E-01 4.914E-14
 3.325E-01 4.857E-14
 3.340E-01 4.808E-14
 3.355E-01 4.761E-14
 3.370E-01 4.711E-14
 3.386E-01 4.679E-14
 3.401E-01 4.642E-14
 3.417E-01 4.584E-14
 3.432E-01 4.509E-14
 3.448E-01 4.472E-14
 3.464E-01 4.447E-14
 3.480E-01 4.412E-14
 3.496E-01 4.373E-14
 3.511E-01 4.339E-14
 3.528E-01 4.310E-14
 3.544E-01 4.275E-14
 3.560E-01 4.232E-14
 3.576E-01 4.176E-14
 3.592E-01 4.107E-14
 3.609E-01 4.074E-14
 3.625E-01 4.053E-14
 3.642E-01 4.044E-14
 3.658E-01 4.007E-14
 3.675E-01 3.946E-14
 3.692E-01 3.826E-14
 3.709E-01 3.832E-14
 3.726E-01 3.792E-14
 3.743E-01 3.985E-14
 3.760E-01 4.106E-14
 3.777E-01 4.181E-14
 3.794E-01 4.365E-14
 3.812E-01 4.497E-14
 3.829E-01 4.051E-14
 3.846E-01 4.481E-14
 3.864E-01 4.587E-14
 3.882E-01 4.167E-14
 3.899E-01 4.206E-14
 3.917E-01 4.525E-14
 3.935E-01 4.390E-14
 3.953E-01 4.317E-14
 3.971E-01 3.641E-14
 3.989E-01 4.376E-14
 4.007E-01 4.465E-14
 4.026E-01 4.376E-14
 4.044E-01 4.373E-14
 4.062E-01 4.285E-14
 4.081E-01 4.116E-14
 4.100E-01 3.833E-14
 4.118E-01 3.823E-14
 4.137E-01 4.107E-14
 4.156E-01 4.111E-14
 4.175E-01 4.096E-14
 4.194E-01 4.087E-14
 4.213E-01 4.078E-14
 4.232E-01 4.026E-14
 4.252E-01 3.987E-14
 4.271E-01 3.891E-14
 4.291E-01 3.884E-14
 4.310E-01 3.763E-14
 4.330E-01 3.572E-14
 4.350E-01 3.334E-14
 4.370E-01 3.743E-14
 4.389E-01 3.700E-14
 4.410E-01 3.705E-14
 4.430E-01 3.745E-14
 4.450E-01 3.728E-14
 4.470E-01 3.654E-14
 4.491E-01 3.708E-14
 4.511E-01 3.762E-14
 4.532E-01 3.655E-14
 4.552E-01 3.645E-14
 4.573E-01 3.666E-14
 4.594E-01 3.605E-14
 4.615E-01 3.574E-14
 4.636E-01 3.523E-14
 4.657E-01 3.504E-14
 4.679E-01 3.522E-14
 4.700E-01 3.463E-14
 4.721E-01 3.446E-14
 4.743E-01 3.478E-14
 4.765E-01 3.481E-14
 4.786E-01 3.438E-14
 4.808E-01 3.389E-14
 4.830E-01 3.374E-14
 4.852E-01 3.143E-14
 4.874E-01 2.966E-14
 4.897E-01 3.304E-14
 4.919E-01 3.276E-14
 4.941E-01 3.262E-14
 4.964E-01 3.247E-14
 4.987E-01 3.167E-14
 5.009E-01 3.038E-14
 5.032E-01 3.128E-14
 5.055E-01 3.125E-14
 5.078E-01 3.143E-14
 5.101E-01 3.106E-14
 5.125E-01 3.059E-14
 5.148E-01 2.996E-14
 5.172E-01 2.894E-14
 5.195E-01 2.908E-14
 5.219E-01 2.944E-14
 5.243E-01 2.993E-14
 5.267E-01 2.920E-14
 5.291E-01 3.016E-14
 5.315E-01 3.023E-14
 5.339E-01 2.965E-14
 5.363E-01 3.001E-14
 5.388E-01 2.950E-14
 5.413E-01 2.930E-14
 5.437E-01 2.918E-14
 5.462E-01 2.886E-14
 5.487E-01 2.854E-14
 5.512E-01 2.851E-14
 5.537E-01 2.892E-14
 5.563E-01 2.894E-14
 5.588E-01 2.836E-14
 5.613E-01 2.843E-14
 5.639E-01 2.808E-14
 5.665E-01 2.798E-14
 5.691E-01 2.838E-14
 5.717E-01 2.834E-14
 5.743E-01 2.845E-14
 5.769E-01 2.841E-14
 5.795E-01 2.798E-14
 5.822E-01 2.867E-14
 5.848E-01 2.821E-14
 5.875E-01 2.732E-14
 5.902E-01 2.701E-14
 5.929E-01 2.752E-14
 5.956E-01 2.754E-14
 5.983E-01 2.755E-14
 6.010E-01 2.740E-14
 6.038E-01 2.802E-14
 6.065E-01 2.830E-14
 6.093E-01 2.768E-14
 6.121E-01 2.726E-14
 6.149E-01 2.684E-14
 6.177E-01 2.615E-14
 6.205E-01 2.605E-14
 6.233E-01 2.519E-14
 6.262E-01 2.531E-14
 6.290E-01 2.636E-14
 6.319E-01 2.636E-14
 6.348E-01 2.657E-14
 6.377E-01 2.669E-14
 6.406E-01 2.690E-14
 6.435E-01 2.701E-14
 6.465E-01 2.714E-14
 6.494E-01 2.669E-14
 6.524E-01 2.702E-14
 6.554E-01 2.620E-14
 6.584E-01 2.624E-14
 6.614E-01 2.709E-14
 6.644E-01 2.666E-14
 6.674E-01 2.598E-14
 6.705E-01 2.563E-14
 6.735E-01 2.573E-14
 6.766E-01 2.564E-14
 6.797E-01 2.559E-14
 6.828E-01 2.606E-14
 6.859E-01 2.605E-14
 6.890E-01 2.686E-14
 6.922E-01 2.677E-14
 6.953E-01 2.643E-14
 6.985E-01 2.666E-14
 7.017E-01 2.654E-14
 7.049E-01 2.645E-14
 7.081E-01 2.481E-14
 7.114E-01 2.314E-14
 7.146E-01 2.300E-14
 7.179E-01 2.351E-14
 7.211E-01 2.447E-14
 7.244E-01 2.528E-14
 7.277E-01 2.552E-14
 7.311E-01 2.626E-14
 7.344E-01 2.658E-14
 7.378E-01 2.730E-14
 7.411E-01 2.722E-14
 7.445E-01 2.751E-14
 7.479E-01 2.752E-14
 7.513E-01 2.794E-14
 7.547E-01 2.838E-14
 7.582E-01 2.808E-14
 7.617E-01 2.766E-14
 7.651E-01 2.725E-14
 7.686E-01 2.691E-14
 7.721E-01 2.667E-14
 7.757E-01 2.678E-14
 7.792E-01 2.720E-14
 7.828E-01 2.733E-14
 7.863E-01 2.696E-14
 7.899E-01 2.574E-14
 7.935E-01 2.579E-14
 7.971E-01 2.643E-14
 8.008E-01 2.687E-14
 8.044E-01 2.688E-14
 8.081E-01 2.631E-14
 8.118E-01 2.617E-14
 8.155E-01 2.664E-14
 8.192E-01 2.662E-14
 8.230E-01 2.696E-14
 8.267E-01 2.720E-14
 8.305E-01 2.643E-14
 8.343E-01 2.643E-14
 8.381E-01 2.652E-14
 8.419E-01 2.683E-14
 8.458E-01 2.646E-14
 8.496E-01 2.650E-14
 8.535E-01 2.637E-14
 8.574E-01 2.743E-14
 8.613E-01 2.739E-14
 8.652E-01 2.756E-14
 8.692E-01 2.755E-14
 8.732E-01 2.815E-14
 8.772E-01 2.832E-14
 8.812E-01 2.810E-14
 8.852E-01 2.831E-14
 8.892E-01 2.855E-14
 8.933E-01 2.840E-14
 8.974E-01 2.851E-14
 9.015E-01 2.770E-14
 9.056E-01 2.915E-14
 9.097E-01 2.793E-14
 9.139E-01 2.837E-14
 9.180E-01 2.773E-14
 9.222E-01 2.626E-14
 9.264E-01 2.686E-14
 9.307E-01 2.727E-14
 9.349E-01 2.726E-14
 9.392E-01 2.716E-14
 9.435E-01 2.718E-14
 9.478E-01 2.726E-14
 9.521E-01 2.711E-14
 9.564E-01 2.674E-14
 9.608E-01 2.727E-14
 9.652E-01 2.712E-14
 9.696E-01 2.741E-14
 9.740E-01 2.725E-14
 9.785E-01 2.704E-14
 9.829E-01 2.743E-14
 9.874E-01 2.759E-14
 9.919E-01 2.756E-14
 9.965E-01 2.771E-14
 1.001E+00 2.748E-14
 1.006E+00 2.719E-14
 1.010E+00 2.730E-14
 1.015E+00 2.744E-14
 1.019E+00 2.739E-14
 1.024E+00 2.747E-14
 1.029E+00 2.746E-14
 1.033E+00 2.721E-14
 1.038E+00 2.711E-14
 1.043E+00 2.721E-14
 1.048E+00 2.709E-14
 1.052E+00 2.713E-14
 1.057E+00 2.692E-14
 1.062E+00 2.689E-14
 1.067E+00 2.656E-14
 1.072E+00 2.654E-14
 1.077E+00 2.643E-14
 1.082E+00 2.600E-14
 1.087E+00 2.552E-14
 1.091E+00 2.492E-14
 1.096E+00 2.439E-14
 1.101E+00 2.405E-14
 1.107E+00 2.384E-14
 1.112E+00 2.385E-14
 1.117E+00 2.388E-14
 1.122E+00 2.390E-14
 1.127E+00 2.390E-14
 1.132E+00 2.394E-14
 1.137E+00 2.396E-14
 1.142E+00 2.400E-14
 1.148E+00 2.426E-14
 1.153E+00 2.433E-14
 1.158E+00 2.422E-14
 1.163E+00 2.413E-14
 1.169E+00 2.424E-14
 1.174E+00 2.439E-14
 1.179E+00 2.428E-14
 1.185E+00 2.411E-14
 1.190E+00 2.417E-14
 1.196E+00 2.399E-14
 1.201E+00 2.406E-14
 1.207E+00 2.406E-14
 1.212E+00 2.404E-14
 1.218E+00 2.413E-14
 1.223E+00 2.403E-14
 1.229E+00 2.395E-14
 1.234E+00 2.387E-14
 1.240E+00 2.382E-14
 1.246E+00 2.375E-14
 1.251E+00 2.361E-14
 1.257E+00 2.359E-14
 1.263E+00 2.354E-14
 1.269E+00 2.340E-14
 1.274E+00 2.346E-14
 1.280E+00 2.313E-14
 1.286E+00 2.309E-14
 1.292E+00 2.302E-14
 1.298E+00 2.324E-14
 1.304E+00 2.307E-14
 1.310E+00 2.308E-14
 1.316E+00 2.295E-14
 1.322E+00 2.297E-14
 1.328E+00 2.274E-14
 1.334E+00 2.289E-14
 1.340E+00 2.283E-14
 1.346E+00 2.287E-14
 1.352E+00 2.283E-14
 1.358E+00 2.258E-14
 1.364E+00 2.260E-14
 1.371E+00 2.270E-14
 1.377E+00 2.267E-14
 1.383E+00 2.266E-14
 1.389E+00 2.240E-14
 1.396E+00 2.230E-14
 1.402E+00 2.198E-14
 1.409E+00 2.175E-14
 1.415E+00 2.136E-14
 1.421E+00 2.115E-14
 1.428E+00 2.097E-14
 1.435E+00 2.132E-14
 1.441E+00 2.110E-14
 1.448E+00 2.132E-14
 1.454E+00 2.123E-14
 1.461E+00 2.120E-14
 1.468E+00 2.118E-14
 1.474E+00 2.104E-14
 1.481E+00 2.120E-14
 1.488E+00 2.125E-14
 1.495E+00 2.159E-14
 1.501E+00 2.158E-14
 1.508E+00 2.154E-14
 1.515E+00 2.183E-14
 1.522E+00 2.193E-14
 1.529E+00 2.202E-14
 1.536E+00 2.212E-14
 1.543E+00 2.228E-14
 1.550E+00 2.223E-14
 1.557E+00 2.115E-14
 1.564E+00 2.131E-14
 1.571E+00 2.191E-14
 1.578E+00 2.031E-14
 1.586E+00 2.036E-14
 1.593E+00 2.119E-14
 1.600E+00 2.052E-14
 1.608E+00 2.101E-14
 1.615E+00 2.147E-14
 1.622E+00 2.099E-14
 1.630E+00 2.120E-14
 1.637E+00 2.149E-14
 1.645E+00 2.082E-14
 1.652E+00 2.119E-14
 1.660E+00 2.118E-14
 1.667E+00 2.098E-14
 1.675E+00 2.105E-14
 1.682E+00 2.083E-14
 1.690E+00 2.081E-14
 1.698E+00 2.080E-14
 1.706E+00 2.064E-14
 1.713E+00 2.054E-14
 1.721E+00 2.038E-14
 1.729E+00 2.016E-14
 1.737E+00 1.996E-14
 1.745E+00 1.993E-14
 1.753E+00 1.979E-14
 1.761E+00 1.965E-14
 1.769E+00 1.949E-14
 1.777E+00 1.932E-14
 1.785E+00 1.929E-14
 1.793E+00 1.910E-14
 1.801E+00 1.887E-14
 1.810E+00 1.870E-14
 1.818E+00 1.855E-14
 1.826E+00 1.836E-14
 1.834E+00 1.817E-14
 1.843E+00 1.796E-14
 1.851E+00 1.783E-14
 1.860E+00 1.762E-14
 1.868E+00 1.738E-14
 1.877E+00 1.722E-14
 1.885E+00 1.713E-14
 1.894E+00 1.673E-14
 1.903E+00 1.682E-14
 1.911E+00 1.671E-14
 1.920E+00 1.654E-14
 1.929E+00 1.635E-14
 1.938E+00 1.608E-14
 1.946E+00 1.588E-14
 1.955E+00 1.585E-14
 1.964E+00 1.563E-14
 1.973E+00 1.541E-14
 1.982E+00 1.527E-14
 1.991E+00 1.514E-14
 2.000E+00 1.505E-14
 2.009E+00 1.495E-14
 2.019E+00 1.475E-14
 2.028E+00 1.451E-14
 2.037E+00 1.439E-14
 2.046E+00 1.435E-14
 2.056E+00 1.415E-14
 2.065E+00 1.398E-14
 2.075E+00 1.387E-14
 2.084E+00 1.371E-14
 2.094E+00 1.354E-14
 2.103E+00 1.349E-14
 2.113E+00 1.333E-14
 2.122E+00 1.318E-14
 2.132E+00 1.310E-14
 2.142E+00 1.298E-14
 2.152E+00 1.283E-14
 2.161E+00 1.267E-14
 2.171E+00 1.252E-14
 2.181E+00 1.241E-14
 2.191E+00 1.232E-14
 2.201E+00 1.215E-14
 2.211E+00 1.206E-14
 2.221E+00 1.192E-14
 2.231E+00 1.177E-14
 2.242E+00 1.167E-14
 2.252E+00 1.157E-14
 2.262E+00 1.142E-14
 2.272E+00 1.136E-14
 2.283E+00 1.121E-14
 2.293E+00 9.635E-15
 2.304E+00 9.973E-15
 2.314E+00 1.006E-14
 2.325E+00 8.531E-15
 2.335E+00 9.336E-15
 2.346E+00 8.651E-15
 2.357E+00 7.949E-15
 2.367E+00 8.541E-15
 2.378E+00 7.916E-15
 2.389E+00 7.788E-15
 2.400E+00 8.072E-15
 2.411E+00 7.590E-15
 2.422E+00 7.736E-15
 2.433E+00 7.672E-15
 2.444E+00 7.408E-15
 2.455E+00 7.506E-15
 2.467E+00 7.548E-15
 2.478E+00 7.221E-15
 2.489E+00 6.723E-15
 2.500E+00 6.886E-15
 2.512E+00 6.856E-15
 2.523E+00 7.066E-15
 2.535E+00 7.198E-15
 2.546E+00 7.273E-15
 2.558E+00 7.335E-15
 2.570E+00 7.422E-15
 2.581E+00 7.320E-15
 2.593E+00 7.270E-15
 2.605E+00 7.340E-15
 2.617E+00 7.200E-15
 2.629E+00 7.154E-15
 2.641E+00 7.151E-15
 2.653E+00 7.061E-15
 2.665E+00 6.954E-15
 2.677E+00 7.040E-15
 2.689E+00 6.914E-15
 2.702E+00 6.861E-15
 2.714E+00 6.828E-15
 2.726E+00 6.795E-15
 2.739E+00 6.659E-15
 2.751E+00 6.679E-15
 2.764E+00 6.597E-15
 2.777E+00 6.462E-15
 2.789E+00 6.484E-15
 2.802E+00 6.438E-15
 2.815E+00 6.313E-15
 2.828E+00 6.309E-15
 2.841E+00 6.268E-15
 2.854E+00 6.190E-15
 2.867E+00 6.136E-15
 2.880E+00 6.080E-15
 2.893E+00 6.020E-15
 2.906E+00 5.955E-15
 2.919E+00 5.893E-15
 2.933E+00 5.846E-15
 2.946E+00 5.764E-15
 2.959E+00 5.712E-15
 2.973E+00 5.660E-15
 2.987E+00 5.582E-15
 3.000E+00 5.518E-15
 3.014E+00 5.467E-15
 3.028E+00 5.392E-15
 3.041E+00 5.332E-15
 3.055E+00 5.272E-15
 3.069E+00 5.218E-15
 3.083E+00 5.148E-15
 3.097E+00 5.092E-15
 3.111E+00 5.033E-15
 3.126E+00 4.979E-15
 3.140E+00 4.922E-15
 3.154E+00 4.860E-15
 3.169E+00 4.800E-15
 3.183E+00 4.750E-15
 3.198E+00 4.694E-15
 3.212E+00 4.632E-15
 3.227E+00 4.577E-15
 3.242E+00 4.523E-15
 3.256E+00 4.467E-15
 3.271E+00 4.411E-15
 3.286E+00 4.355E-15
 3.301E+00 4.303E-15
 3.316E+00 4.251E-15
 3.331E+00 4.199E-15
 3.347E+00 4.156E-15
 3.362E+00 4.105E-15
 3.377E+00 4.054E-15
 3.393E+00 4.003E-15
 3.408E+00 3.952E-15
 3.424E+00 3.910E-15
 3.439E+00 3.869E-15
 3.455E+00 3.825E-15
 3.471E+00 3.779E-15
 3.487E+00 3.736E-15
 3.503E+00 3.696E-15
 3.519E+00 3.651E-15
 3.535E+00 3.604E-15
 3.551E+00 3.566E-15
 3.567E+00 3.523E-15
 3.583E+00 3.480E-15
 3.600E+00 3.442E-15
 3.616E+00 3.406E-15
 3.633E+00 3.366E-15
 3.649E+00 3.318E-15
 3.666E+00 3.278E-15
 3.683E+00 3.231E-15
 3.699E+00 3.185E-15
 3.716E+00 3.149E-15
 3.733E+00 3.117E-15
 3.750E+00 3.065E-15
 3.767E+00 3.046E-15
 3.785E+00 3.010E-15
 3.802E+00 2.978E-15
 3.819E+00 2.949E-15
 3.837E+00 2.918E-15
 3.854E+00 2.883E-15
 3.872E+00 2.842E-15
 3.889E+00 2.811E-15
 3.907E+00 2.781E-15
 3.925E+00 2.751E-15
 3.943E+00 2.712E-15
 3.961E+00 2.677E-15
 3.979E+00 2.641E-15
 3.997E+00 2.606E-15
 4.015E+00 2.582E-15
 4.034E+00 2.554E-15
 4.052E+00 2.519E-15
 4.071E+00 2.491E-15
 4.089E+00 2.462E-15
 4.108E+00 2.435E-15
 4.127E+00 2.409E-15
 4.146E+00 2.378E-15
 4.164E+00 2.347E-15
 4.183E+00 2.319E-15
 4.203E+00 2.289E-15
 4.222E+00 2.266E-15
 4.241E+00 2.239E-15
 4.260E+00 2.212E-15
 4.280E+00 2.153E-15
 4.299E+00 2.064E-15
 4.319E+00 2.027E-15
 4.339E+00 1.999E-15
 4.359E+00 1.937E-15
 4.378E+00 1.899E-15
 4.398E+00 1.842E-15
 4.419E+00 1.794E-15
 4.439E+00 1.777E-15
 4.459E+00 1.732E-15
 4.479E+00 1.709E-15
 4.500E+00 1.697E-15
 4.520E+00 1.655E-15
 4.541E+00 1.639E-15
 4.562E+00 1.629E-15
 4.582E+00 1.591E-15
 4.603E+00 1.584E-15
 4.624E+00 1.566E-15
 4.646E+00 1.548E-15
 4.667E+00 1.539E-15
 4.688E+00 1.517E-15
 4.709E+00 1.493E-15
 4.731E+00 1.497E-15
 4.753E+00 1.472E-15
 4.774E+00 1.457E-15
 4.796E+00 1.437E-15
 4.818E+00 1.423E-15
 4.840E+00 1.418E-15
 4.862E+00 1.394E-15
 4.884E+00 1.379E-15
 4.906E+00 1.362E-15
 4.929E+00 1.347E-15
 4.951E+00 1.328E-15
 4.974E+00 1.325E-15
 4.997E+00 1.307E-15
 5.020E+00 1.297E-15
 5.042E+00 1.276E-15
 5.065E+00 1.263E-15
 5.089E+00 1.250E-15
 5.112E+00 1.234E-15
 5.135E+00 1.220E-15
 5.159E+00 1.210E-15
 5.182E+00 1.201E-15
 5.206E+00 1.185E-15
 5.230E+00 1.171E-15
 5.253E+00 1.165E-15
 5.277E+00 1.156E-15
 5.301E+00 1.133E-15
 5.326E+00 1.124E-15
 5.350E+00 1.113E-15
 5.374E+00 1.101E-15
 5.399E+00 1.092E-15
 5.424E+00 1.077E-15
 5.448E+00 1.071E-15
 5.473E+00 1.053E-15
 5.498E+00 1.045E-15
 5.523E+00 1.040E-15
 5.549E+00 1.022E-15
 5.574E+00 1.017E-15
 5.599E+00 1.006E-15
 5.625E+00 9.927E-16
 5.651E+00 9.866E-16
 5.676E+00 9.723E-16
 5.702E+00 9.617E-16
 5.728E+00 9.550E-16
 5.754E+00 9.429E-16
 5.781E+00 9.344E-16
 5.807E+00 9.243E-16
 5.834E+00 9.144E-16
 5.860E+00 9.021E-16
 5.887E+00 8.917E-16
 5.914E+00 8.821E-16
 5.941E+00 8.726E-16
 5.968E+00 8.650E-16
 5.995E+00 8.557E-16
 6.023E+00 8.456E-16
 6.050E+00 8.334E-16
 6.078E+00 8.243E-16
 6.105E+00 8.140E-16
 6.133E+00 8.067E-16
 6.161E+00 7.997E-16
 6.189E+00 7.901E-16
 6.218E+00 7.819E-16
 6.246E+00 7.699E-16
 6.275E+00 7.611E-16
 6.303E+00 7.527E-16
 6.332E+00 7.462E-16
 6.361E+00 7.378E-16
 6.390E+00 7.280E-16
 6.419E+00 7.204E-16
 6.448E+00 7.112E-16
 6.478E+00 7.027E-16
 6.507E+00 6.945E-16
 6.537E+00 6.862E-16
 6.567E+00 6.787E-16
 6.597E+00 6.707E-16
 6.627E+00 6.623E-16
 6.657E+00 6.546E-16
 6.688E+00 6.471E-16
 6.718E+00 6.391E-16
 6.749E+00 6.310E-16
 6.780E+00 6.235E-16
 6.811E+00 6.159E-16
 6.842E+00 6.088E-16
 6.873E+00 6.015E-16
 6.904E+00 5.937E-16
 6.936E+00 5.867E-16
 6.968E+00 5.795E-16
 6.999E+00 5.723E-16
 7.031E+00 5.653E-16
 7.063E+00 5.586E-16
 7.096E+00 5.514E-16
 7.128E+00 5.448E-16
 7.161E+00 5.381E-16
 7.193E+00 5.314E-16
 7.226E+00 5.248E-16
 7.259E+00 5.182E-16
 7.292E+00 5.118E-16
 7.325E+00 5.054E-16
 7.359E+00 4.991E-16
 7.393E+00 4.928E-16
 7.426E+00 4.862E-16
 7.460E+00 4.799E-16
 7.494E+00 4.740E-16
 7.528E+00 4.682E-16
 7.563E+00 4.625E-16
 7.597E+00 4.569E-16
 7.632E+00 4.511E-16
 7.667E+00 4.454E-16
 7.702E+00 4.397E-16
 7.737E+00 4.342E-16
 7.772E+00 4.287E-16
 7.808E+00 4.233E-16
 7.843E+00 4.179E-16
 7.879E+00 4.126E-16
 7.915E+00 4.074E-16
 7.951E+00 4.022E-16
 7.988E+00 3.971E-16
 8.024E+00 3.918E-16
 8.061E+00 3.868E-16
 8.098E+00 3.821E-16
 8.135E+00 3.771E-16
 8.172E+00 3.724E-16
 8.209E+00 3.677E-16
 8.246E+00 3.629E-16
 8.284E+00 3.583E-16
 8.322E+00 3.537E-16
 8.360E+00 3.491E-16
 8.398E+00 3.447E-16
 8.436E+00 3.403E-16
 8.475E+00 3.360E-16
 8.514E+00 3.317E-16
 8.552E+00 3.274E-16
 8.591E+00 3.233E-16
 8.631E+00 3.192E-16
 8.670E+00 3.151E-16
 8.710E+00 3.110E-16
 8.749E+00 3.070E-16
 8.789E+00 3.031E-16
 8.830E+00 2.991E-16
 8.870E+00 2.953E-16
 8.910E+00 2.915E-16
 8.951E+00 2.878E-16
 8.992E+00 2.840E-16
 9.033E+00 2.805E-16
 9.074E+00 2.768E-16
 9.116E+00 2.732E-16
 9.157E+00 2.698E-16
 9.199E+00 2.664E-16
 9.241E+00 2.630E-16
 9.283E+00 2.596E-16
 9.326E+00 2.562E-16
 9.368E+00 2.529E-16
 9.411E+00 2.497E-16
 9.454E+00 2.464E-16
 9.497E+00 2.433E-16
 9.540E+00 2.401E-16
 9.584E+00 2.371E-16
 9.628E+00 2.340E-16
 9.672E+00 2.310E-16
 9.716E+00 2.280E-16
 9.760E+00 2.250E-16
 9.805E+00 2.221E-16
 9.849E+00 2.193E-16
 9.894E+00 2.165E-16
 9.940E+00 2.137E-16
 9.985E+00 2.109E-16
 1.003E+01 2.088E-16
 1.008E+01 2.089E-16
 1.012E+01 2.089E-16
 1.017E+01 2.090E-16
 1.021E+01 2.090E-16
 1.026E+01 2.090E-16
 1.031E+01 2.090E-16
 1.036E+01 2.090E-16
 1.040E+01 2.090E-16
 1.045E+01 2.090E-16
 1.050E+01 2.090E-16
 1.055E+01 2.090E-16
 1.059E+01 2.089E-16
 1.064E+01 2.089E-16
 1.069E+01 2.088E-16
 1.074E+01 2.088E-16
 1.079E+01 2.087E-16
 1.084E+01 2.086E-16
 1.089E+01 2.085E-16
 1.094E+01 2.084E-16
 1.099E+01 2.083E-16
 1.104E+01 2.081E-16
 1.109E+01 2.080E-16
 1.114E+01 2.079E-16
 1.119E+01 2.077E-16
 1.124E+01 2.075E-16
 1.129E+01 2.073E-16
 1.134E+01 2.072E-16
 1.139E+01 2.070E-16
 1.145E+01 2.067E-16
 1.150E+01 2.065E-16
 1.155E+01 2.063E-16
 1.160E+01 2.060E-16
 1.166E+01 2.058E-16
 1.171E+01 2.055E-16
 1.176E+01 2.052E-16
 1.182E+01 2.049E-16
 1.187E+01 2.046E-16
 1.193E+01 2.043E-16
 1.198E+01 2.039E-16
 1.203E+01 2.036E-16
 1.209E+01 2.032E-16
 1.215E+01 2.028E-16
 1.220E+01 2.024E-16
 1.226E+01 2.020E-16
 1.231E+01 2.016E-16
 1.237E+01 2.012E-16
 1.242E+01 2.007E-16
 1.248E+01 2.003E-16
 1.254E+01 1.998E-16
 1.260E+01 1.993E-16
 1.265E+01 1.988E-16
 1.271E+01 1.983E-16
 1.277E+01 1.977E-16
 1.283E+01 1.972E-16
 1.289E+01 1.966E-16
 1.294E+01 1.960E-16
 1.300E+01 1.954E-16
 1.306E+01 1.948E-16
 1.312E+01 1.942E-16
 1.318E+01 1.935E-16
 1.324E+01 1.929E-16
 1.330E+01 1.922E-16
 1.336E+01 1.915E-16
 1.343E+01 1.908E-16
 1.349E+01 1.900E-16
 1.355E+01 1.893E-16
 1.361E+01 1.885E-16
 1.367E+01 1.877E-16
 1.373E+01 1.869E-16
 1.380E+01 1.861E-16
 1.386E+01 1.852E-16
 1.392E+01 1.843E-16
 1.399E+01 1.834E-16
 1.405E+01 1.825E-16
 1.411E+01 1.816E-16
 1.418E+01 1.807E-16
 1.424E+01 1.797E-16
 1.431E+01 1.787E-16
 1.437E+01 1.777E-16
 1.444E+01 1.766E-16
 1.451E+01 1.756E-16
 1.457E+01 1.745E-16
 1.464E+01 1.734E-16
 1.471E+01 1.723E-16
 1.477E+01 1.712E-16
 1.484E+01 1.700E-16
 1.491E+01 1.688E-16
 1.498E+01 1.676E-16
 1.504E+01 1.663E-16
 1.511E+01 1.651E-16
 1.518E+01 1.638E-16
 1.525E+01 1.625E-16
 1.532E+01 1.612E-16
 1.539E+01 1.598E-16
 1.546E+01 1.584E-16
 1.553E+01 1.570E-16
 1.560E+01 1.556E-16
 1.567E+01 1.541E-16
 1.575E+01 1.526E-16
 1.582E+01 1.511E-16
 1.589E+01 1.495E-16
 1.596E+01 1.480E-16
 1.603E+01 1.464E-16
 1.611E+01 1.447E-16
 1.618E+01 1.431E-16
 1.626E+01 1.414E-16
 1.633E+01 1.397E-16
 1.640E+01 1.379E-16
 1.648E+01 1.362E-16
 1.655E+01 1.344E-16
 1.663E+01 1.325E-16
 1.671E+01 1.307E-16
 1.678E+01 1.288E-16
 1.686E+01 1.269E-16
 1.694E+01 1.249E-16
 1.701E+01 1.229E-16
 1.709E+01 1.209E-16
 1.717E+01 1.188E-16
 1.725E+01 1.167E-16
 1.733E+01 1.146E-16
 1.740E+01 1.125E-16
 1.748E+01 1.103E-16
 1.756E+01 1.080E-16
 1.764E+01 1.058E-16
 1.772E+01 1.035E-16
 1.781E+01 1.011E-16
 1.789E+01 9.878E-17
 1.797E+01 9.637E-17
 1.805E+01 9.393E-17
 1.813E+01 9.145E-17
 1.822E+01 8.893E-17
 1.830E+01 8.637E-17
 1.838E+01 8.378E-17
 1.847E+01 8.114E-17
 1.855E+01 7.847E-17
 1.864E+01 7.576E-17
 1.872E+01 7.300E-17
 1.881E+01 7.020E-17
 1.889E+01 6.737E-17
 1.898E+01 6.449E-17
 1.906E+01 6.157E-17
 1.915E+01 5.860E-17
 1.924E+01 5.560E-17
 1.933E+01 5.254E-17
 1.941E+01 4.945E-17
 1.950E+01 4.631E-17
 1.959E+01 4.312E-17
 1.968E+01 3.989E-17
 1.977E+01 3.662E-17
 1.986E+01 3.329E-17
 1.995E+01 2.992E-17
 2.004E+01 2.816E-17
 2.014E+01 2.817E-17
 2.023E+01 2.817E-17
 2.032E+01 2.818E-17
 2.041E+01 2.818E-17
 2.051E+01 2.819E-17
 2.060E+01 2.819E-17
 2.069E+01 2.819E-17
 2.079E+01 2.819E-17
 2.088E+01 2.818E-17
 2.098E+01 2.818E-17
 2.107E+01 2.818E-17
 2.117E+01 2.817E-17
 2.127E+01 2.817E-17
 2.136E+01 2.816E-17
 2.146E+01 2.815E-17
 2.156E+01 2.814E-17
 2.166E+01 2.813E-17
 2.176E+01 2.811E-17
 2.186E+01 2.810E-17
 2.196E+01 2.808E-17
 2.206E+01 2.806E-17
 2.216E+01 2.805E-17
 2.226E+01 2.803E-17
 2.236E+01 2.800E-17
 2.246E+01 2.798E-17
 2.256E+01 2.796E-17
 2.267E+01 2.793E-17
 2.277E+01 2.790E-17
 2.287E+01 2.787E-17
 2.298E+01 2.784E-17
 2.308E+01 2.781E-17
 2.319E+01 2.778E-17
 2.329E+01 2.774E-17
 2.340E+01 2.770E-17
 2.351E+01 2.766E-17
 2.362E+01 2.762E-17
 2.372E+01 2.758E-17
 2.383E+01 2.754E-17
 2.394E+01 2.749E-17
 2.405E+01 2.744E-17
 2.416E+01 2.739E-17
 2.427E+01 2.734E-17
 2.438E+01 2.729E-17
 2.449E+01 2.724E-17
 2.460E+01 2.718E-17
 2.472E+01 2.712E-17
 2.483E+01 2.706E-17
 2.494E+01 2.700E-17
 2.506E+01 2.693E-17
 2.517E+01 2.687E-17
 2.528E+01 2.680E-17
 2.540E+01 2.673E-17
 2.552E+01 2.665E-17
 2.563E+01 2.658E-17
 2.575E+01 2.650E-17
 2.587E+01 2.642E-17
 2.599E+01 2.634E-17
 2.610E+01 2.626E-17
 2.622E+01 2.617E-17
 2.634E+01 2.608E-17
 2.646E+01 2.599E-17
 2.658E+01 2.590E-17
 2.671E+01 2.580E-17
 2.683E+01 2.571E-17
 2.695E+01 2.561E-17
 2.707E+01 2.550E-17
 2.720E+01 2.540E-17
 2.732E+01 2.529E-17
 2.745E+01 2.518E-17
 2.757E+01 2.507E-17
 2.770E+01 2.495E-17
 2.782E+01 2.484E-17
 2.795E+01 2.472E-17
 2.808E+01 2.459E-17
 2.821E+01 2.447E-17
 2.833E+01 2.434E-17
 2.846E+01 2.421E-17
 2.859E+01 2.407E-17
 2.872E+01 2.394E-17
 2.886E+01 2.380E-17
 2.899E+01 2.365E-17
 2.912E+01 2.351E-17
 2.925E+01 2.336E-17
 2.939E+01 2.321E-17
 2.952E+01 2.305E-17
 2.965E+01 2.289E-17
 2.979E+01 2.273E-17
 2.993E+01 2.257E-17
 3.006E+01 2.240E-17
 3.020E+01 2.223E-17
 3.034E+01 2.206E-17
 3.048E+01 2.188E-17
 3.062E+01 2.170E-17
 3.076E+01 2.151E-17
 3.090E+01 2.133E-17
 3.104E+01 2.114E-17
 3.118E+01 2.094E-17
 3.132E+01 2.074E-17
 3.146E+01 2.054E-17
 3.161E+01 2.034E-17
 3.175E+01 2.013E-17
 3.190E+01 1.992E-17
 3.204E+01 1.970E-17
 3.219E+01 1.948E-17
 3.234E+01 1.926E-17
 3.248E+01 1.903E-17
 3.263E+01 1.880E-17
 3.278E+01 1.856E-17
 3.293E+01 1.832E-17
 3.308E+01 1.808E-17
 3.323E+01 1.783E-17
 3.338E+01 1.758E-17
 3.354E+01 1.732E-17
 3.369E+01 1.706E-17
 3.384E+01 1.679E-17
 3.400E+01 1.653E-17
 3.415E+01 1.625E-17
 3.431E+01 1.597E-17
 3.446E+01 1.569E-17
 3.462E+01 1.540E-17
 3.478E+01 1.511E-17
 3.494E+01 1.482E-17
 3.510E+01 1.451E-17
 3.526E+01 1.421E-17
 3.542E+01 1.390E-17
 3.558E+01 1.358E-17
 3.574E+01 1.326E-17
 3.591E+01 1.294E-17
 3.607E+01 1.261E-17
 3.623E+01 1.227E-17
 3.640E+01 1.193E-17
 3.657E+01 1.159E-17
 3.673E+01 1.123E-17
 3.690E+01 1.088E-17
 3.707E+01 1.052E-17
 3.724E+01 1.015E-17
 3.741E+01 9.778E-18
 3.758E+01 9.400E-18
 3.775E+01 9.016E-18
 3.792E+01 8.627E-18
 3.810E+01 8.232E-18
 3.827E+01 7.831E-18
 3.844E+01 7.425E-18
 3.862E+01 7.012E-18
 3.880E+01 6.594E-18
 3.897E+01 6.169E-18
 3.915E+01 5.739E-18
 3.933E+01 5.302E-18
 3.951E+01 4.859E-18
 3.969E+01 4.410E-18
 3.987E+01 3.954E-18
 4.005E+01 3.626E-18
 4.024E+01 3.616E-18
 4.042E+01 3.605E-18
 4.060E+01 3.594E-18
 4.079E+01 3.583E-18
 4.098E+01 3.572E-18
 4.116E+01 3.560E-18
 4.135E+01 3.548E-18
 4.154E+01 3.536E-18
 4.173E+01 3.523E-18
 4.192E+01 3.510E-18
 4.211E+01 3.497E-18
 4.230E+01 3.484E-18
 4.250E+01 3.470E-18
 4.269E+01 3.455E-18
 4.289E+01 3.441E-18
 4.308E+01 3.426E-18
 4.328E+01 3.411E-18
 4.348E+01 3.395E-18
 4.367E+01 3.379E-18
 4.387E+01 3.363E-18
 4.407E+01 3.346E-18
 4.428E+01 3.329E-18
 4.448E+01 3.311E-18
 4.468E+01 3.294E-18
 4.488E+01 3.275E-18
 4.509E+01 3.257E-18
 4.529E+01 3.238E-18
 4.550E+01 3.218E-18
 4.571E+01 3.198E-18
 4.592E+01 3.178E-18
 4.613E+01 3.158E-18
 4.634E+01 3.137E-18
 4.655E+01 3.115E-18
 4.676E+01 3.093E-18
 4.698E+01 3.071E-18
 4.719E+01 3.048E-18
 4.741E+01 3.025E-18
 4.762E+01 3.001E-18
 4.784E+01 2.977E-18
 4.806E+01 2.953E-18
 4.828E+01 2.928E-18
 4.850E+01 2.902E-18
 4.872E+01 2.876E-18
 4.894E+01 2.850E-18
 4.916E+01 2.823E-18
 4.939E+01 2.796E-18
 4.961E+01 2.768E-18
 4.984E+01 2.739E-18
 5.007E+01 2.710E-18
 5.030E+01 2.681E-18
 5.053E+01 2.651E-18
 5.076E+01 2.621E-18
 5.099E+01 2.590E-18
 5.122E+01 2.558E-18
 5.146E+01 2.526E-18
 5.169E+01 2.494E-18
 5.193E+01 2.460E-18
 5.216E+01 2.427E-18
 5.240E+01 2.392E-18
 5.264E+01 2.358E-18
 5.288E+01 2.322E-18
 5.312E+01 2.286E-18
 5.337E+01 2.250E-18
 5.361E+01 2.212E-18
 5.385E+01 2.175E-18
 5.410E+01 2.136E-18
 5.435E+01 2.097E-18
 5.459E+01 2.058E-18
 5.484E+01 2.017E-18
 5.509E+01 1.976E-18
 5.535E+01 1.935E-18
 5.560E+01 1.893E-18
 5.585E+01 1.850E-18
 5.611E+01 1.806E-18
 5.636E+01 1.762E-18
 5.662E+01 1.717E-18
 5.688E+01 1.672E-18
 5.714E+01 1.625E-18
 5.740E+01 1.578E-18
 5.766E+01 1.531E-18
 5.792E+01 1.482E-18
 5.819E+01 1.433E-18
 5.845E+01 1.383E-18
 5.872E+01 1.332E-18
 5.899E+01 1.281E-18
 5.926E+01 1.229E-18
 5.953E+01 1.176E-18
 5.980E+01 1.122E-18
 6.007E+01 1.081E-18
 6.035E+01 1.076E-18
 6.062E+01 1.071E-18
 6.090E+01 1.065E-18
 6.118E+01 1.060E-18
 6.146E+01 1.054E-18
 6.174E+01 1.048E-18
 6.202E+01 1.042E-18
 6.230E+01 1.036E-18
 6.259E+01 1.030E-18
 6.287E+01 1.023E-18
 6.316E+01 1.017E-18
 6.345E+01 1.010E-18
 6.374E+01 1.003E-18
 6.403E+01 9.965E-19
 6.432E+01 9.894E-19
 6.462E+01 9.822E-19
 6.491E+01 9.749E-19
 6.521E+01 9.675E-19
 6.550E+01 9.599E-19
 6.580E+01 9.521E-19
 6.610E+01 9.442E-19
 6.641E+01 9.362E-19
 6.671E+01 9.280E-19
 6.701E+01 9.197E-19
 6.732E+01 9.112E-19
 6.763E+01 9.025E-19
 6.793E+01 8.937E-19
 6.825E+01 8.848E-19
 6.856E+01 8.756E-19
 6.887E+01 8.664E-19
 6.918E+01 8.569E-19
 6.950E+01 8.473E-19
 6.982E+01 8.375E-19
 7.014E+01 8.276E-19
 7.046E+01 8.174E-19
 7.078E+01 8.071E-19
 7.110E+01 7.967E-19
 7.143E+01 7.860E-19
 7.175E+01 7.752E-19
 7.208E+01 7.642E-19
 7.241E+01 7.530E-19
 7.274E+01 7.416E-19
 7.307E+01 7.300E-19
 7.340E+01 7.183E-19
 7.374E+01 7.063E-19
 7.408E+01 6.942E-19
 7.441E+01 6.818E-19
 7.475E+01 6.693E-19
 7.509E+01 6.566E-19
 7.544E+01 6.436E-19
 7.578E+01 6.305E-19
 7.613E+01 6.171E-19
 7.648E+01 6.036E-19
 7.682E+01 5.898E-19
 7.718E+01 5.758E-19
 7.753E+01 5.616E-19
 7.788E+01 5.472E-19
 7.824E+01 5.325E-19
 7.859E+01 5.177E-19
 7.895E+01 5.026E-19
 7.931E+01 4.873E-19
 7.968E+01 4.717E-19
 8.004E+01 4.573E-19
 8.040E+01 4.545E-19
 8.077E+01 4.515E-19
 8.114E+01 4.485E-19
 8.151E+01 4.455E-19
 8.188E+01 4.424E-19
 8.226E+01 4.392E-19
 8.263E+01 4.360E-19
 8.301E+01 4.327E-19
 8.339E+01 4.293E-19
 8.377E+01 4.259E-19
 8.415E+01 4.224E-19
 8.454E+01 4.188E-19
 8.492E+01 4.152E-19
 8.531E+01 4.115E-19
 8.570E+01 4.078E-19
 8.609E+01 4.040E-19
 8.648E+01 4.001E-19
 8.688E+01 3.961E-19
 8.727E+01 3.921E-19
 8.767E+01 3.880E-19
 8.807E+01 3.838E-19
 8.847E+01 3.795E-19
 8.888E+01 3.752E-19
 8.928E+01 3.708E-19
 8.969E+01 3.663E-19
 9.010E+01 3.618E-19
 9.051E+01 3.571E-19
 9.093E+01 3.524E-19
 9.134E+01 3.476E-19
 9.176E+01 3.427E-19
 9.218E+01 3.378E-19
 9.260E+01 3.327E-19
 9.302E+01 3.276E-19
 9.344E+01 3.224E-19
 9.387E+01 3.171E-19
 9.430E+01 3.118E-19
 9.473E+01 3.063E-19
 9.516E+01 3.007E-19
 9.560E+01 2.951E-19
 9.603E+01 2.894E-19
 9.647E+01 2.836E-19
 9.691E+01 2.776E-19
 9.735E+01 2.716E-19
 9.780E+01 2.655E-19
 9.825E+01 2.594E-19
 9.869E+01 2.531E-19
 9.914E+01 2.467E-19
 9.960E+01 2.402E-19
 1.001E+02 2.342E-19
 1.005E+02 2.325E-19
 1.010E+02 2.307E-19
 1.014E+02 2.289E-19
 1.019E+02 2.271E-19
 1.024E+02 2.252E-19
 1.028E+02 2.234E-19
 1.033E+02 2.214E-19
 1.038E+02 2.195E-19
 1.042E+02 2.175E-19
 1.047E+02 2.154E-19
 1.052E+02 2.134E-19
 1.057E+02 2.113E-19
 1.062E+02 2.091E-19
 1.066E+02 2.069E-19
 1.071E+02 2.047E-19
 1.076E+02 2.025E-19
 1.081E+02 2.002E-19
 1.086E+02 1.978E-19
 1.091E+02 1.954E-19
 1.096E+02 1.930E-19
 1.101E+02 1.906E-19
 1.106E+02 1.881E-19
 1.111E+02 1.855E-19
 1.116E+02 1.829E-19
 1.121E+02 1.803E-19
 1.126E+02 1.776E-19
 1.131E+02 1.749E-19
 1.137E+02 1.721E-19
 1.142E+02 1.693E-19
 1.147E+02 1.664E-19
 1.152E+02 1.635E-19
 1.158E+02 1.606E-19
 1.163E+02 1.576E-19
 1.168E+02 1.546E-19
 1.173E+02 1.515E-19
 1.179E+02 1.483E-19
 1.184E+02 1.451E-19
 1.190E+02 1.419E-19
 1.195E+02 1.386E-19
 1.200E+02 1.354E-19
 1.206E+02 1.343E-19
 1.211E+02 1.332E-19
 1.217E+02 1.321E-19
 1.223E+02 1.309E-19
 1.228E+02 1.297E-19
 1.234E+02 1.285E-19
 1.239E+02 1.273E-19
 1.245E+02 1.260E-19
 1.251E+02 1.248E-19
 1.256E+02 1.235E-19
 1.262E+02 1.222E-19
 1.268E+02 1.208E-19
 1.274E+02 1.194E-19
 1.279E+02 1.181E-19
 1.285E+02 1.166E-19
 1.291E+02 1.152E-19
 1.297E+02 1.137E-19
 1.303E+02 1.122E-19
 1.309E+02 1.107E-19
 1.315E+02 1.092E-19
 1.321E+02 1.076E-19
 1.327E+02 1.060E-19
 1.333E+02 1.044E-19
 1.339E+02 1.028E-19
 1.345E+02 1.011E-19
 1.351E+02 9.941E-20
 1.358E+02 9.769E-20
 1.364E+02 9.594E-20
 1.370E+02 9.416E-20
 1.376E+02 9.235E-20
 1.383E+02 9.051E-20
 1.389E+02 8.864E-20
 1.395E+02 8.675E-20
 1.402E+02 8.511E-20
 1.408E+02 8.436E-20
 1.414E+02 8.360E-20
 1.421E+02 8.283E-20
 1.427E+02 8.204E-20
 1.434E+02 8.123E-20
 1.440E+02 8.042E-20
 1.447E+02 7.959E-20
 1.454E+02 7.874E-20
 1.460E+02 7.788E-20
 1.467E+02 7.701E-20
 1.474E+02 7.612E-20
 1.480E+02 7.521E-20
 1.487E+02 7.429E-20
 1.494E+02 7.336E-20
 1.501E+02 7.241E-20
 1.507E+02 7.144E-20
 1.514E+02 7.046E-20
 1.521E+02 6.947E-20
 1.528E+02 6.846E-20
 1.535E+02 6.743E-20
 1.542E+02 6.639E-20
 1.549E+02 6.533E-20
 1.556E+02 6.426E-20
 1.563E+02 6.318E-20
 1.571E+02 6.207E-20
 1.578E+02 6.096E-20
 1.585E+02 5.983E-20
 1.592E+02 5.869E-20
 1.599E+02 5.753E-20
 1.607E+02 5.677E-20
 1.614E+02 5.606E-20
 1.621E+02 5.537E-20
 1.629E+02 5.470E-20
 1.636E+02 5.405E-20
 1.644E+02 5.341E-20
 1.651E+02 5.280E-20
 1.659E+02 5.222E-20
 1.666E+02 5.166E-20
 1.674E+02 5.112E-20
 1.682E+02 5.061E-20
 1.689E+02 5.014E-20
 1.697E+02 4.969E-20
 1.705E+02 4.929E-20
 1.713E+02 4.892E-20
 1.720E+02 4.859E-20
 1.728E+02 4.832E-20
 1.736E+02 4.809E-20
 1.744E+02 4.792E-20
 1.752E+02 4.780E-20
 1.760E+02 4.776E-20
 1.768E+02 4.779E-20
 1.776E+02 4.790E-20
 1.784E+02 4.809E-20
 1.792E+02 4.839E-20
 1.800E+02 4.879E-20
 1.809E+02 4.931E-20
 1.817E+02 4.996E-20
 1.825E+02 5.076E-20
 1.834E+02 5.171E-20
 1.842E+02 5.284E-20
 1.850E+02 5.416E-20
 1.859E+02 5.570E-20
 1.867E+02 5.747E-20
 1.876E+02 5.949E-20
 1.884E+02 6.180E-20
 1.893E+02 6.442E-20
 1.902E+02 6.739E-20
 1.910E+02 7.073E-20
 1.919E+02 7.450E-20
 1.928E+02 7.871E-20
 1.937E+02 8.344E-20
 1.945E+02 8.871E-20
 1.954E+02 9.459E-20
 1.963E+02 1.011E-19
 1.972E+02 1.084E-19
 1.981E+02 1.165E-19
 1.990E+02 1.255E-19
 1.999E+02 1.354E-19
 2.008E+02 1.464E-19
 2.018E+02 1.585E-19
 2.027E+02 1.719E-19
 2.036E+02 1.866E-19
 2.045E+02 2.029E-19
 2.055E+02 2.208E-19
 2.064E+02 2.405E-19
 2.074E+02 2.622E-19
 2.083E+02 2.860E-19
 2.093E+02 3.122E-19
 2.102E+02 3.408E-19
 2.112E+02 3.723E-19
 2.121E+02 4.067E-19
 2.131E+02 4.444E-19
 2.141E+02 4.857E-19
 2.150E+02 5.308E-19
 2.160E+02 5.801E-19
 2.170E+02 6.340E-19
 2.180E+02 6.928E-19
 2.190E+02 7.570E-19
 2.200E+02 8.270E-19
 2.210E+02 9.032E-19
 2.220E+02 9.863E-19
 2.230E+02 1.077E-18
 2.240E+02 1.175E-18
 2.251E+02 1.282E-18
 2.261E+02 1.398E-18
 2.271E+02 1.525E-18
 2.282E+02 1.662E-18
 2.292E+02 1.811E-18
 2.303E+02 1.972E-18
 2.313E+02 2.147E-18
 2.324E+02 2.337E-18
 2.334E+02 2.543E-18
 2.345E+02 2.765E-18
 2.356E+02 3.006E-18
 2.366E+02 3.266E-18
 2.377E+02 3.548E-18
 2.388E+02 3.852E-18
 2.399E+02 4.181E-18
 2.410E+02 4.536E-18
 2.421E+02 4.918E-18
 2.432E+02 5.331E-18
 2.443E+02 5.776E-18
 2.454E+02 6.255E-18
 2.465E+02 6.772E-18
 2.477E+02 7.328E-18
 2.488E+02 7.926E-18
 2.499E+02 8.569E-18
 2.511E+02 9.261E-18
 2.522E+02 1.000E-17
 2.534E+02 1.080E-17
 2.545E+02 1.166E-17
 2.557E+02 1.258E-17
 2.568E+02 1.357E-17
 2.580E+02 1.463E-17
 2.592E+02 1.576E-17
 2.604E+02 1.697E-17
 2.616E+02 1.828E-17
 2.628E+02 1.967E-17
 2.640E+02 2.116E-17
 2.652E+02 2.275E-17
 2.664E+02 2.446E-17
 2.676E+02 2.628E-17
 2.688E+02 2.822E-17
 2.700E+02 3.030E-17
 2.713E+02 3.252E-17
 2.725E+02 3.488E-17
 2.738E+02 3.740E-17
 2.750E+02 4.009E-17
 2.763E+02 4.295E-17
 2.775E+02 4.601E-17
 2.788E+02 4.925E-17
 2.801E+02 5.271E-17
 2.813E+02 5.639E-17
 2.826E+02 6.030E-17
 2.839E+02 6.445E-17
 2.852E+02 6.887E-17
 2.865E+02 7.356E-17
 2.878E+02 7.854E-17
 2.891E+02 8.383E-17
 2.905E+02 8.943E-17
 2.918E+02 9.538E-17
 2.931E+02 1.017E-16
 2.945E+02 1.084E-16
 2.958E+02 1.154E-16
 2.971E+02 1.229E-16
 2.985E+02 1.309E-16
 2.999E+02 1.393E-16
 3.012E+02 1.481E-16
 3.026E+02 1.575E-16
 3.040E+02 1.674E-16
 3.054E+02 1.779E-16
 3.068E+02 1.890E-16
 3.082E+02 2.007E-16
 3.096E+02 2.130E-16
 3.110E+02 2.260E-16
 3.124E+02 2.397E-16
 3.138E+02 2.542E-16
 3.153E+02 2.694E-16
 3.167E+02 2.855E-16
 3.182E+02 3.024E-16
 3.196E+02 3.202E-16
 3.211E+02 3.389E-16
 3.225E+02 3.586E-16
 3.240E+02 3.793E-16
 3.255E+02 4.011E-16
 3.270E+02 4.240E-16
 3.285E+02 4.481E-16
 3.300E+02 4.733E-16
 3.315E+02 4.998E-16
 3.330E+02 5.276E-16
 3.345E+02 5.568E-16
 3.360E+02 5.874E-16
 3.376E+02 6.195E-16
 3.391E+02 6.531E-16
 3.407E+02 6.884E-16
 3.422E+02 7.253E-16
 3.438E+02 7.639E-16
 3.453E+02 8.043E-16
 3.469E+02 8.466E-16
 3.485E+02 8.909E-16
 3.501E+02 9.371E-16
 3.517E+02 9.855E-16
 3.533E+02 1.036E-15
 3.549E+02 1.089E-15
 3.565E+02 1.144E-15
 3.582E+02 1.201E-15
 3.598E+02 1.262E-15
 3.614E+02 1.324E-15
 3.631E+02 1.390E-15
 3.647E+02 1.458E-15
 3.664E+02 1.529E-15
 3.681E+02 1.603E-15
 3.698E+02 1.680E-15
 3.714E+02 1.760E-15
 3.731E+02 1.843E-15
 3.748E+02 1.930E-15
 3.766E+02 2.021E-15
 3.783E+02 2.115E-15
 3.800E+02 2.213E-15
 3.817E+02 2.314E-15
 3.835E+02 2.420E-15
 3.852E+02 2.530E-15
 3.870E+02 2.644E-15
 3.888E+02 2.762E-15
 3.905E+02 2.885E-15
 3.923E+02 3.012E-15
 3.941E+02 3.144E-15
 3.959E+02 3.282E-15
 3.977E+02 3.424E-15
 3.995E+02 3.571E-15
 4.014E+02 3.723E-15
 4.032E+02 3.881E-15
 4.050E+02 4.045E-15
 4.069E+02 4.214E-15
 4.087E+02 4.390E-15
 4.106E+02 4.571E-15
 4.125E+02 4.759E-15
 4.144E+02 4.953E-15
 4.162E+02 5.153E-15
 4.181E+02 5.360E-15
 4.201E+02 5.574E-15
 4.220E+02 5.795E-15
 4.239E+02 6.024E-15
 4.258E+02 6.260E-15
 4.278E+02 6.503E-15
 4.297E+02 6.754E-15
 4.317E+02 7.013E-15
 4.337E+02 7.280E-15
 4.356E+02 7.555E-15
 4.376E+02 7.838E-15
 4.396E+02 8.131E-15
 4.416E+02 8.432E-15
 4.437E+02 8.742E-15
 4.457E+02 9.061E-15
 4.477E+02 9.390E-15
 4.498E+02 9.728E-15
 4.518E+02 1.008E-14
 4.539E+02 1.043E-14
 4.559E+02 1.080E-14
 4.580E+02 1.118E-14
 4.601E+02 1.157E-14
 4.622E+02 1.197E-14
 4.643E+02 1.238E-14
 4.664E+02 1.280E-14
 4.686E+02 1.323E-14
 4.707E+02 1.367E-14
 4.729E+02 1.413E-14
 4.750E+02 1.460E-14
 4.772E+02 1.508E-14
 4.794E+02 1.557E-14
 4.816E+02 1.607E-14
 4.838E+02 1.659E-14
 4.860E+02 1.711E-14
 4.882E+02 1.766E-14
 4.904E+02 1.821E-14
 4.926E+02 1.878E-14
 4.949E+02 1.936E-14
 4.972E+02 1.995E-14
 4.994E+02 2.056E-14
 5.017E+02 2.119E-14
 5.040E+02 2.182E-14
 5.063E+02 2.247E-14
 5.086E+02 2.314E-14
 5.109E+02 2.382E-14
 5.133E+02 2.451E-14
 5.156E+02 2.522E-14
 5.180E+02 2.595E-14
 5.203E+02 2.669E-14
 5.227E+02 2.744E-14
 5.251E+02 2.821E-14
 5.275E+02 2.900E-14
 5.299E+02 2.980E-14
 5.323E+02 3.062E-14
 5.347E+02 3.145E-14
 5.372E+02 3.230E-14
 5.396E+02 3.317E-14
 5.421E+02 3.405E-14
 5.446E+02 3.495E-14
 5.471E+02 3.586E-14
 5.496E+02 3.679E-14
 5.521E+02 3.774E-14
 5.546E+02 3.871E-14
 5.571E+02 3.969E-14
 5.597E+02 4.069E-14
 5.622E+02 4.170E-14
 5.648E+02 4.273E-14
 5.674E+02 4.378E-14
 5.699E+02 4.485E-14
 5.725E+02 4.594E-14
 5.752E+02 4.704E-14
 5.778E+02 4.815E-14
 5.804E+02 4.929E-14
 5.831E+02 5.044E-14
 5.857E+02 5.161E-14
 5.884E+02 5.280E-14
 5.911E+02 5.401E-14
 5.938E+02 5.523E-14
 5.965E+02 5.647E-14
 5.992E+02 5.772E-14
 6.020E+02 5.900E-14
 6.047E+02 6.029E-14
 6.075E+02 6.160E-14
 6.102E+02 6.292E-14
 6.130E+02 6.427E-14
 6.158E+02 6.562E-14
 6.186E+02 6.700E-14
 6.215E+02 6.839E-14
 6.243E+02 6.980E-14
 6.272E+02 7.123E-14
 6.300E+02 7.267E-14
 6.329E+02 7.413E-14
 6.358E+02 7.560E-14
 6.387E+02 7.710E-14
 6.416E+02 7.860E-14
 6.445E+02 8.012E-14
 6.475E+02 8.166E-14
 6.504E+02 8.322E-14
 6.534E+02 8.479E-14
 6.564E+02 8.637E-14
 6.594E+02 8.797E-14
 6.624E+02 8.958E-14
 6.654E+02 9.121E-14
 6.684E+02 9.286E-14
 6.715E+02 9.451E-14
 6.746E+02 9.618E-14
 6.776E+02 9.787E-14
 6.807E+02 9.957E-14
 6.838E+02 1.013E-13
 6.870E+02 1.030E-13
 6.901E+02 1.047E-13
 6.932E+02 1.065E-13
 6.964E+02 1.083E-13
 6.996E+02 1.100E-13
 7.028E+02 1.118E-13
 7.060E+02 1.136E-13
 7.092E+02 1.154E-13
 7.125E+02 1.172E-13
 7.157E+02 1.191E-13
 7.190E+02 1.209E-13
 7.223E+02 1.227E-13
 7.256E+02 1.246E-13
 7.289E+02 1.265E-13
 7.322E+02 1.284E-13
 7.355E+02 1.302E-13
 7.389E+02 1.321E-13
 7.423E+02 1.340E-13
 7.457E+02 1.359E-13
 7.491E+02 1.378E-13
 7.525E+02 1.398E-13
 7.559E+02 1.417E-13
 7.594E+02 1.436E-13
 7.628E+02 1.456E-13
 7.663E+02 1.475E-13
 7.698E+02 1.495E-13
 7.733E+02 1.514E-13
 7.769E+02 1.534E-13
 7.804E+02 1.553E-13
 7.840E+02 1.573E-13
 7.875E+02 1.593E-13
 7.911E+02 1.612E-13
 7.947E+02 1.632E-13
 7.984E+02 1.652E-13
 8.020E+02 1.671E-13
 8.057E+02 1.691E-13
 8.094E+02 1.711E-13
 8.131E+02 1.731E-13
 8.168E+02 1.750E-13
 8.205E+02 1.770E-13
 8.242E+02 1.790E-13
 8.280E+02 1.810E-13
 8.318E+02 1.829E-13
 8.356E+02 1.849E-13
 8.394E+02 1.868E-13
 8.432E+02 1.888E-13
 8.471E+02 1.908E-13
 8.509E+02 1.927E-13
 8.548E+02 1.946E-13
 8.587E+02 1.966E-13
 8.626E+02 1.985E-13
 8.666E+02 2.004E-13
 8.705E+02 2.024E-13
 8.745E+02 2.043E-13
 8.785E+02 2.062E-13
 8.825E+02 2.081E-13
 8.865E+02 2.100E-13
 8.906E+02 2.119E-13
 8.947E+02 2.137E-13
 8.987E+02 2.156E-13
 9.028E+02 2.174E-13
 9.070E+02 2.193E-13
 9.111E+02 2.211E-13
 9.153E+02 2.229E-13
 9.194E+02 2.247E-13
 9.236E+02 2.265E-13
 9.279E+02 2.283E-13
 9.321E+02 2.301E-13
 9.363E+02 2.318E-13
 9.406E+02 2.336E-13
 9.449E+02 2.353E-13
 9.492E+02 2.370E-13
 9.536E+02 2.387E-13
 9.579E+02 2.404E-13
 9.623E+02 2.421E-13
 9.667E+02 2.438E-13
 9.711E+02 2.454E-13
 9.755E+02 2.470E-13
 9.800E+02 2.486E-13
 9.845E+02 2.502E-13
 9.890E+02 2.518E-13
 9.935E+02 2.534E-13
 9.980E+02 2.549E-13
 1.003E+03 2.564E-13
 1.007E+03 2.579E-13
 1.012E+03 2.594E-13
 1.016E+03 2.609E-13
 1.021E+03 2.623E-13
 1.026E+03 2.637E-13
 1.030E+03 2.651E-13
 1.035E+03 2.665E-13
 1.040E+03 2.679E-13
 1.045E+03 2.692E-13
 1.049E+03 2.706E-13
 1.054E+03 2.719E-13
 1.059E+03 2.731E-13
 1.064E+03 2.744E-13
 1.069E+03 2.756E-13
 1.073E+03 2.768E-13
 1.078E+03 2.780E-13
 1.083E+03 2.792E-13
 1.088E+03 2.804E-13
 1.093E+03 2.815E-13
 1.098E+03 2.826E-13
 1.103E+03 2.837E-13
 1.108E+03 2.847E-13
 1.113E+03 2.858E-13
 1.118E+03 2.868E-13
 1.123E+03 2.877E-13
 1.129E+03 2.887E-13
 1.134E+03 2.896E-13
 1.139E+03 2.906E-13
 1.144E+03 2.914E-13
 1.149E+03 2.923E-13
 1.155E+03 2.932E-13
 1.160E+03 2.940E-13
 1.165E+03 2.948E-13
 1.170E+03 2.955E-13
 1.176E+03 2.963E-13
 1.181E+03 2.970E-13
 1.187E+03 2.977E-13
 1.192E+03 2.984E-13
 1.197E+03 2.990E-13
 1.203E+03 2.996E-13
 1.208E+03 3.002E-13
 1.214E+03 3.008E-13
 1.219E+03 3.013E-13
 1.225E+03 3.018E-13
 1.231E+03 3.023E-13
 1.236E+03 3.028E-13
 1.242E+03 3.033E-13
 1.248E+03 3.037E-13
 1.253E+03 3.041E-13
 1.259E+03 3.044E-13
 1.265E+03 3.048E-13
 1.270E+03 3.051E-13
 1.276E+03 3.054E-13
 1.282E+03 3.057E-13
 1.288E+03 3.059E-13
 1.294E+03 3.061E-13
 1.300E+03 3.063E-13
 1.306E+03 3.065E-13
 1.312E+03 3.067E-13
 1.318E+03 3.068E-13
 1.324E+03 3.069E-13
 1.330E+03 3.070E-13
 1.336E+03 3.070E-13
 1.342E+03 3.071E-13
 1.348E+03 3.071E-13
 1.354E+03 3.070E-13
 1.360E+03 3.070E-13
 1.367E+03 3.069E-13
 1.373E+03 3.069E-13
 1.379E+03 3.067E-13
 1.385E+03 3.066E-13
 1.392E+03 3.065E-13
 1.398E+03 3.063E-13
 1.404E+03 3.061E-13
 1.411E+03 3.059E-13
 1.417E+03 3.056E-13
 1.424E+03 3.054E-13
 1.430E+03 3.051E-13
 1.437E+03 3.048E-13
 1.443E+03 3.044E-13
 1.450E+03 3.041E-13
 1.456E+03 3.037E-13
 1.463E+03 3.033E-13
 1.470E+03 3.029E-13
 1.477E+03 3.025E-13
 1.483E+03 3.020E-13
 1.490E+03 3.015E-13
 1.497E+03 3.011E-13
 1.504E+03 3.005E-13
 1.511E+03 3.000E-13
 1.517E+03 2.995E-13
 1.524E+03 2.989E-13
 1.531E+03 2.983E-13
 1.538E+03 2.977E-13
 1.545E+03 2.971E-13
 1.552E+03 2.964E-13
 1.559E+03 2.958E-13
 1.567E+03 2.951E-13
 1.574E+03 2.944E-13
 1.581E+03 2.937E-13
 1.588E+03 2.930E-13
 1.595E+03 2.922E-13
 1.603E+03 2.915E-13
 1.610E+03 2.907E-13
 1.617E+03 2.899E-13
 1.625E+03 2.891E-13
 1.632E+03 2.883E-13
 1.640E+03 2.874E-13
 1.647E+03 2.866E-13
 1.655E+03 2.857E-13
 1.662E+03 2.848E-13
 1.670E+03 2.839E-13
 1.677E+03 2.830E-13
 1.685E+03 2.821E-13
 1.693E+03 2.812E-13
 1.700E+03 2.802E-13
 1.708E+03 2.793E-13
 1.716E+03 2.783E-13
 1.724E+03 2.773E-13
 1.732E+03 2.763E-13
 1.740E+03 2.753E-13
 1.748E+03 2.743E-13
 1.756E+03 2.732E-13
 1.764E+03 2.722E-13
 1.772E+03 2.711E-13
 1.780E+03 2.701E-13
 1.788E+03 2.690E-13
 1.796E+03 2.679E-13
 1.804E+03 2.668E-13
 1.812E+03 2.657E-13
 1.821E+03 2.646E-13
 1.829E+03 2.634E-13
 1.837E+03 2.623E-13
 1.846E+03 2.612E-13
 1.854E+03 2.600E-13
 1.863E+03 2.588E-13
 1.871E+03 2.577E-13
 1.880E+03 2.565E-13
 1.888E+03 2.553E-13
 1.897E+03 2.541E-13
 1.906E+03 2.529E-13
 1.914E+03 2.517E-13
 1.923E+03 2.505E-13
 1.932E+03 2.493E-13
 1.941E+03 2.481E-13
 1.949E+03 2.468E-13
 1.958E+03 2.456E-13
 1.967E+03 2.443E-13
 1.976E+03 2.431E-13
 1.985E+03 2.418E-13
 1.994E+03 2.406E-13
 2.003E+03 2.393E-13
 2.013E+03 2.381E-13
 2.022E+03 2.368E-13
 2.031E+03 2.355E-13
 2.040E+03 2.342E-13
 2.050E+03 2.329E-13
 2.059E+03 2.317E-13
 2.068E+03 2.304E-13
 2.078E+03 2.291E-13
 2.087E+03 2.278E-13
 2.097E+03 2.265E-13
 2.106E+03 2.252E-13
 2.116E+03 2.239E-13
 2.126E+03 2.226E-13
 2.135E+03 2.212E-13
 2.145E+03 2.199E-13
 2.155E+03 2.186E-13
 2.165E+03 2.173E-13
 2.175E+03 2.160E-13
 2.184E+03 2.147E-13
 2.194E+03 2.134E-13
 2.204E+03 2.120E-13
 2.215E+03 2.107E-13
 2.225E+03 2.094E-13
 2.235E+03 2.081E-13
 2.245E+03 2.068E-13
 2.255E+03 2.055E-13
 2.266E+03 2.041E-13
 2.276E+03 2.028E-13
 2.286E+03 2.015E-13
 2.297E+03 2.002E-13
 2.307E+03 1.989E-13
 2.318E+03 1.975E-13
 2.328E+03 1.962E-13
 2.339E+03 1.949E-13
 2.350E+03 1.936E-13
 2.360E+03 1.923E-13
 2.371E+03 1.910E-13
 2.382E+03 1.897E-13
 2.393E+03 1.884E-13
 2.404E+03 1.871E-13
 2.415E+03 1.858E-13
 2.426E+03 1.845E-13
 2.437E+03 1.832E-13
 2.448E+03 1.819E-13
 2.459E+03 1.806E-13
 2.470E+03 1.793E-13
 2.482E+03 1.780E-13
 2.493E+03 1.767E-13
 2.504E+03 1.754E-13
 2.516E+03 1.742E-13
 2.527E+03 1.729E-13
 2.539E+03 1.716E-13
 2.550E+03 1.704E-13
 2.562E+03 1.691E-13
 2.574E+03 1.678E-13
 2.585E+03 1.666E-13
 2.597E+03 1.653E-13
 2.609E+03 1.641E-13
 2.621E+03 1.628E-13
 2.633E+03 1.616E-13
 2.645E+03 1.604E-13
 2.657E+03 1.591E-13
 2.669E+03 1.579E-13
 2.681E+03 1.567E-13
 2.694E+03 1.555E-13
 2.706E+03 1.542E-13
 2.718E+03 1.530E-13
 2.731E+03 1.518E-13
 2.743E+03 1.506E-13
 2.756E+03 1.494E-13
 2.768E+03 1.482E-13
 2.781E+03 1.471E-13
 2.794E+03 1.459E-13
 2.806E+03 1.447E-13
 2.819E+03 1.435E-13
 2.832E+03 1.424E-13
 2.845E+03 1.412E-13
 2.858E+03 1.400E-13
 2.871E+03 1.389E-13
 2.884E+03 1.377E-13
 2.897E+03 1.366E-13
 2.910E+03 1.355E-13
 2.924E+03 1.343E-13
 2.937E+03 1.332E-13
 2.951E+03 1.321E-13
 2.964E+03 1.310E-13
 2.978E+03 1.299E-13
 2.991E+03 1.288E-13
 3.005E+03 1.277E-13
 3.019E+03 1.266E-13
 3.032E+03 1.255E-13
 3.046E+03 1.244E-13
 3.060E+03 1.234E-13
 3.074E+03 1.223E-13
 3.088E+03 1.213E-13
 3.102E+03 1.202E-13
 3.116E+03 1.192E-13
 3.131E+03 1.181E-13
 3.145E+03 1.171E-13
 3.159E+03 1.160E-13
 3.174E+03 1.150E-13
 3.188E+03 1.140E-13
 3.203E+03 1.130E-13
 3.217E+03 1.120E-13
 3.232E+03 1.110E-13
 3.247E+03 1.100E-13
 3.262E+03 1.090E-13
 3.276E+03 1.080E-13
 3.291E+03 1.071E-13
 3.306E+03 1.061E-13
 3.321E+03 1.051E-13
 3.337E+03 1.042E-13
 3.352E+03 1.032E-13
 3.367E+03 1.023E-13
 3.383E+03 1.013E-13
 3.398E+03 1.004E-13
 3.413E+03 9.948E-14
 3.429E+03 9.857E-14
 3.445E+03 9.765E-14
 3.460E+03 9.675E-14
 3.476E+03 9.585E-14
 3.492E+03 9.495E-14
 3.508E+03 9.406E-14
 3.524E+03 9.318E-14
 3.540E+03 9.231E-14
 3.556E+03 9.144E-14
 3.573E+03 9.057E-14
 3.589E+03 8.972E-14
 3.605E+03 8.887E-14
 3.622E+03 8.802E-14
 3.638E+03 8.718E-14
 3.655E+03 8.635E-14
 3.672E+03 8.552E-14
 3.688E+03 8.470E-14
 3.705E+03 8.389E-14
 3.722E+03 8.308E-14
 3.739E+03 8.228E-14
 3.756E+03 8.148E-14
 3.773E+03 8.069E-14
 3.790E+03 7.991E-14
 3.808E+03 7.913E-14
 3.825E+03 7.835E-14
 3.843E+03 7.759E-14
 3.860E+03 7.683E-14
 3.878E+03 7.607E-14
 3.895E+03 7.532E-14
 3.913E+03 7.458E-14
 3.931E+03 7.384E-14
 3.949E+03 7.311E-14
 3.967E+03 7.239E-14
 3.985E+03 7.167E-14
 4.003E+03 7.096E-14
 4.022E+03 7.025E-14
 4.040E+03 6.954E-14
 4.058E+03 6.885E-14
 4.077E+03 6.816E-14
 4.096E+03 6.747E-14
 4.114E+03 6.679E-14
 4.133E+03 6.612E-14
 4.152E+03 6.545E-14
 4.171E+03 6.479E-14
 4.190E+03 6.413E-14
 4.209E+03 6.348E-14
 4.228E+03 6.283E-14
 4.248E+03 6.219E-14
 4.267E+03 6.156E-14
 4.286E+03 6.093E-14
 4.306E+03 6.030E-14
 4.326E+03 5.968E-14
 4.345E+03 5.907E-14
 4.365E+03 5.846E-14
 4.385E+03 5.786E-14
 4.405E+03 5.726E-14
 4.425E+03 5.666E-14
 4.446E+03 5.608E-14
 4.466E+03 5.549E-14
 4.486E+03 5.492E-14
 4.507E+03 5.434E-14
 4.527E+03 5.378E-14
 4.548E+03 5.321E-14
 4.569E+03 5.266E-14
 4.590E+03 5.210E-14
 4.611E+03 5.156E-14
 4.632E+03 5.102E-14
 4.653E+03 5.048E-14
 4.674E+03 4.994E-14
 4.695E+03 4.942E-14
 4.717E+03 4.889E-14
 4.738E+03 4.838E-14
 4.760E+03 4.786E-14
 4.782E+03 4.735E-14
 4.803E+03 4.685E-14
 4.825E+03 4.635E-14
 4.847E+03 4.585E-14
 4.870E+03 4.536E-14
 4.892E+03 4.488E-14
 4.914E+03 4.440E-14
 4.936E+03 4.392E-14
 4.959E+03 4.345E-14
 4.982E+03 4.298E-14
 5.004E+03 4.252E-14
 5.027E+03 4.206E-14
 5.050E+03 4.160E-14
 5.073E+03 4.115E-14
 5.096E+03 4.071E-14
 5.120E+03 4.027E-14
 5.143E+03 3.983E-14
 5.167E+03 3.940E-14
 5.190E+03 3.897E-14
 5.214E+03 3.854E-14
 5.238E+03 3.812E-14
 5.262E+03 3.770E-14
 5.286E+03 3.729E-14
 5.310E+03 3.688E-14
 5.334E+03 3.648E-14
 5.358E+03 3.608E-14
 5.383E+03 3.568E-14
 5.407E+03 3.529E-14
 5.432E+03 3.490E-14
 5.457E+03 3.451E-14
 5.482E+03 3.413E-14
 5.507E+03 3.375E-14
 5.532E+03 3.338E-14
 5.557E+03 3.301E-14
 5.582E+03 3.264E-14
 5.608E+03 3.228E-14
 5.634E+03 3.192E-14
 5.659E+03 3.156E-14
 5.685E+03 3.121E-14
 5.711E+03 3.086E-14
 5.737E+03 3.052E-14
 5.763E+03 3.018E-14
 5.790E+03 2.984E-14
 5.816E+03 2.950E-14
 5.843E+03 2.917E-14
 5.869E+03 2.884E-14
 5.896E+03 2.852E-14
 5.923E+03 2.820E-14
 5.950E+03 2.788E-14
 5.977E+03 2.756E-14
 6.004E+03 2.725E-14
 6.032E+03 2.695E-14
 6.059E+03 2.664E-14
 6.087E+03 2.634E-14
 6.115E+03 2.604E-14
 6.143E+03 2.574E-14
 6.171E+03 2.545E-14
 6.199E+03 2.516E-14
 6.227E+03 2.487E-14
 6.256E+03 2.459E-14
 6.284E+03 2.431E-14
 6.313E+03 2.403E-14
 6.342E+03 2.376E-14
 6.371E+03 2.349E-14
 6.400E+03 2.322E-14
 6.429E+03 2.295E-14
 6.458E+03 2.269E-14
 6.488E+03 2.243E-14
 6.517E+03 2.217E-14
 6.547E+03 2.191E-14
 6.577E+03 2.166E-14
 6.607E+03 2.141E-14
 6.637E+03 2.116E-14
 6.668E+03 2.092E-14
 6.698E+03 2.068E-14
 6.729E+03 2.044E-14
 6.759E+03 2.020E-14
 6.790E+03 1.997E-14
 6.821E+03 1.974E-14
 6.852E+03 1.951E-14
 6.884E+03 1.928E-14
 6.915E+03 1.906E-14
 6.947E+03 1.883E-14
 6.978E+03 1.861E-14
 7.010E+03 1.840E-14
 7.042E+03 1.818E-14
 7.074E+03 1.797E-14
 7.107E+03 1.776E-14
 7.139E+03 1.755E-14
 7.172E+03 1.735E-14
 7.204E+03 1.714E-14
 7.237E+03 1.694E-14
 7.270E+03 1.674E-14
 7.303E+03 1.655E-14
 7.337E+03 1.635E-14
 7.370E+03 1.616E-14
 7.404E+03 1.597E-14
 7.438E+03 1.578E-14
 7.472E+03 1.559E-14
 7.506E+03 1.541E-14
 7.540E+03 1.523E-14
 7.574E+03 1.505E-14
 7.609E+03 1.487E-14
 7.644E+03 1.469E-14
 7.679E+03 1.452E-14
 7.714E+03 1.435E-14
 7.749E+03 1.418E-14
 7.784E+03 1.401E-14
 7.820E+03 1.384E-14
 7.856E+03 1.368E-14
 7.891E+03 1.352E-14
 7.927E+03 1.336E-14
 7.964E+03 1.320E-14
 8.000E+03 1.304E-14
