  1 -0.5   41.8703   41.8744   41.8814   42.2431   42.2464   42.2512   42.4954   42.4968   42.4976   42.6284   42.6287   42.6295  
  1  0.0   41.7606   41.8208   41.8516   42.1633   42.1928   42.2076   42.4497   42.4573   42.4576   42.6029   42.6041   42.6045  
  1  0.5   41.4656   41.6620   41.7592   41.8702   42.0590   42.1205   42.2418   42.3795   42.3900   42.5299   42.5470   42.5552  
  2 -0.5   40.7568   40.8313   40.9820   40.7589   40.8461   41.0036   40.7594   40.8571   41.0193   40.7509   40.8584   41.0300  
  2  0.0   40.7104   40.7821   40.9349   40.7271   40.8018   40.9525   40.7352   40.8115   40.9604   40.7301   40.8087   40.9709  
  2  0.5   40.6497   40.6900   40.8038   40.6520   40.7253   40.8666   40.6414   40.7687   40.9104   40.6997   40.7757   40.9222  
  3 -0.5   42.4924   42.4174   42.0597   42.4177   42.3260   41.9130   42.3589   42.2545   41.8065   42.3275   42.2148   41.7307  
  3  0.0   42.5576   42.4846   42.1341   42.4744   42.3878   41.9848   42.4098   42.3142   41.8963   42.3743   42.2741   41.8162  
  3  0.5   42.7107   42.6591   42.3747   42.6412   42.5649   42.2036   42.5635   42.4793   42.0946   42.5089   42.4461   42.0085  
  4 -0.5   39.6813   39.6862   39.6922   39.7028   39.7067   39.7122   39.7137   39.7166   39.7313   39.7295   39.7358   39.8140  
  4  0.0   39.5608   39.6193   39.6474   39.6188   39.6490   39.6659   39.6443   39.6572   39.6998   39.6563   39.6650   39.7689  
  4  0.5   39.1849   39.4285   39.5352   39.2700   39.5130   39.5978   39.3629   39.5774   39.6867   39.5015   39.6314   39.7096  
  5 -0.5   39.2285   39.2477   39.2736   39.5121   39.5449   39.5881   39.8440   39.8781   39.9184   40.1563   40.1839   40.2231  
  5  0.0   39.2317   39.3022   39.3662   39.4702   39.5337   39.6288   39.7182   39.7901   39.8881   39.9730   40.0352   40.1221  
  5  0.5   39.1461   39.2809   39.3773   39.3925   39.5544   39.6459   39.6857   39.8661   39.9294   40.0245   40.1373   40.1765  
  6 -0.5   37.8540   37.7157   37.6029   38.7398   38.7392   38.7144   38.8978   39.0460   39.1181   39.0018   39.1956   39.3015  
  6  0.0   38.2378   38.2639   38.2459   38.6890   38.8697   38.9618   38.8265   39.0377   39.1501   38.8992   39.1146   39.2513  
  6  0.5   38.1174   38.4298   38.5967   38.3922   38.8403   39.0210   38.6400   39.0421   39.1714   38.8544   39.1357   39.2669  
  7 -0.5   37.1963   37.0387   36.9137   38.4762   38.3422   38.2199   39.0387   38.9666   38.8664   39.3512   39.2667   39.1320  
  7  0.0   37.7064   37.6910   37.6352   38.7155   38.7299   38.6868   39.0970   39.0848   39.0110   39.2845   39.2335   39.1481  
  7  0.5   37.8465   38.0635   38.1731   38.5273   38.8105   38.8608   38.9370   39.1164   39.0755   39.2755   39.2604   39.2045  
  8 -0.5   37.0254   37.6134   37.7928   38.2928   38.7546   38.8653   38.9530   39.1647   39.2297   39.2032   39.3669   39.4397  
  8  0.0   37.5385   38.2116   38.4201   38.6938   38.9526   39.0209   39.0171   39.1359   39.1919   39.1373   39.2427   39.3166  
  8  0.5   37.7984   38.4854   38.7071   38.5332   38.9130   39.0403   38.8093   39.1382   39.2096   39.0779   39.2713   39.3527  
  9 -0.5   40.5315   40.5340   40.5372   40.7129   40.7142   40.7160   40.7902   40.7906   40.7911   40.8142   40.8143   40.8144  
  9  0.0   40.4602   40.4978   40.5206   40.6727   40.6889   40.6978   40.7665   40.7695   40.7715   40.7915   40.7921   40.7925  
  9  0.5   40.2076   40.3608   40.4473   40.5005   40.6071   40.6497   40.6793   40.7225   40.7306   40.7398   40.7452   40.7458  
 10 -0.5   39.7886   39.7948   39.8030   39.8097   39.8140   39.8235   39.8227   39.8285   39.9033   39.8395   39.8866   40.0333  
 10  0.0   39.6653   39.7217   39.7500   39.7213   39.7510   39.7692   39.7485   39.7619   39.9198   39.7616   39.7803   39.9772  
 10  0.5   39.3088   39.5398   39.6412   39.3909   39.6201   39.7025   39.4778   39.6848   39.9135   39.6126   39.8501   39.9239  
 11 -0.5  -30.0000  -30.0000   29.4989   32.4990   32.5237   32.5574   36.2709   36.2886   36.3139   38.3362   38.3507   38.3827  
 11  0.0  -30.0000  -30.0000  -30.0000   32.1041   32.2496   32.7696   36.3712   36.4356   36.4857   38.4099   38.4369   38.4820  
 11  0.5  -30.0000  -30.0000  -30.0000   29.4473   32.0398   32.4548   34.4567   36.4230   36.6115   38.1514   38.4057   38.5182  
 12 -0.5  -30.0000  -30.0000   29.1992   32.1973   32.2225   32.2570   35.9683   35.9862   36.0119   38.0561   38.0709   38.1037  
 12  0.0  -30.0000  -30.0000  -30.0000   31.7981   31.9437   32.4642   36.0656   36.1301   36.1804   38.1481   38.1769   38.2252  
 12  0.5  -30.0000  -30.0000  -30.0000   29.1413   31.7338   32.1488   34.1507   36.1175   36.3063   37.8820   38.1565   38.2793  
 13 -0.5   40.7900   40.7924   40.7956   40.9715   40.9728   40.9747   41.0485   41.0489   41.0494   41.0720   41.0722   41.0720  
 13  0.0   40.7207   40.7574   40.7797   40.9329   40.9485   40.9571   41.0263   41.0290   41.0308   41.0508   41.0512   41.0510  
 13  0.5   40.4723   40.6235   40.7086   40.7649   40.8692   40.9106   40.9436   40.9838   40.9910   41.0023   41.0060   41.0056  
 14 -0.5   41.8479   42.0528   42.3795   41.7797   42.0115   42.3297   41.7250   41.9747   42.2863   41.6991   41.9587   42.2701  
 14  0.0   41.9026   42.0755   42.4158   41.8301   42.0451   42.3761   41.7712   42.0133   42.3450   41.7391   41.9956   42.3472  
 14  0.5   42.0715   42.0540   42.4329   41.9791   42.0431   42.4457   41.8898   42.0532   42.4545   41.8331   42.1057   42.4508  
 15 -0.5   41.1263   41.1285   41.1314   41.3073   41.3084   41.3098   41.3833   41.3836   41.3836   41.4057   41.4057   41.4051  
 15  0.0   41.0622   41.0966   41.1173   41.2729   41.2868   41.2942   41.3648   41.3666   41.3674   41.3882   41.3881   41.3870  
 15  0.5   40.8249   40.9711   41.0517   41.1160   41.2146   41.2518   41.2935   41.3260   41.3304   41.3475   41.3472   41.3441  
 16 -0.5   43.3316   43.3717   43.4783   43.3136   43.3507   43.4543   43.2758   43.3095   43.4109   43.2412   43.2738   43.3719  
 16  0.0   43.1346   43.1596   43.2746   43.1367   43.1720   43.2845   43.1297   43.1670   43.2869   43.1225   43.1607   43.2660  
 16  0.5   43.1342   43.1514   43.2177   43.1455   43.1553   43.2280   43.1431   43.1459   43.2401   43.1226   43.1693   43.2301  
 17 -0.5   31.9027   31.9572   32.0221   35.3989   35.4405   35.4945   37.4708   37.4995   37.5371   38.9076   38.9330   38.9805  
 17  0.0   31.8331   31.9870   32.4355   35.7397   35.8641   35.9523   37.9037   37.9535   38.0000   38.9268   38.9589   39.0227  
 17  0.5  -30.0000  -30.0000  -30.0000   35.7290   36.3214   36.5605   38.0505   38.4397   38.5210   38.8533   38.9440   39.0102  
 18 -0.5   31.6083   31.6633   31.7285   35.1032   35.1450   35.1992   37.1757   37.2044   37.2421   38.6591   38.6843   38.7306  
 18  0.0   31.5319   31.6863   32.1366   35.4391   35.5641   35.6528   37.6169   37.6675   37.7145   38.8206   38.8489   38.9015  
 18  0.5  -30.0000  -30.0000  -30.0000   35.4285   36.0211   36.2603   37.7974   38.2073   38.2955   38.7965   38.8895   38.9537  
 19 -0.5   39.0704   39.5307   39.7670   39.2398   39.7202   39.9298   39.3543   39.8207   40.0619   39.3900   39.8734   40.2305  
 19  0.0   38.7842   39.2999   39.7315   38.9667   39.5654   39.9433   39.1697   39.7414   40.1780   39.3392   39.8634   40.3781  
 19  0.5   38.6916   39.2428   39.5393   38.8902   39.4137   39.7153   39.0862   39.6022   40.1621   39.2784   40.0097   40.4381  
 20 -0.5   38.5031   38.7535   39.1431   38.5535   38.8113   39.2216   38.5672   38.8557   39.3555   38.5728   38.9392   39.5736  
 20  0.0   38.4117   38.7475   39.1850   38.4957   38.8161   39.2529   38.5050   38.8385   39.4559   38.5044   38.8827   39.5977  
 20  0.5   38.0591   38.5944   39.2024   38.1736   38.7197   39.2815   38.2415   38.7613   39.5043   38.2702   39.0152   39.5742  
 21 -0.5   38.7195   39.3471   39.6496   38.8650   39.5237   39.7935   38.9286   39.5688   39.8316   38.8965   39.5356   39.9337  
 21  0.0   38.2157   38.9132   39.5186   38.3973   39.2034   39.7144   38.6175   39.3759   39.8369   38.7901   39.4628   40.0163  
 21  0.5   38.0758   38.7198   39.0367   38.3010   38.8939   39.2079   38.5092   39.0761   39.6201   38.7048   39.4580   39.9454  
 22 -0.5   39.4267   39.5333   39.5496   39.5401   39.6144   39.6710   39.6106   39.7477   39.9094   39.7297   39.9507   40.0933  
 22  0.0   39.4225   39.5438   39.5535   39.5048   39.5966   39.6567   39.5551   39.6642   40.0441   39.6095   39.8402   40.1059  
 22  0.5   39.5369   39.6224   39.6148   39.5811   39.6388   39.6718   39.5447   39.6247   40.0547   39.5069   40.0784   40.0973  
 23 -0.5   39.0459   39.2362   39.4144   39.2816   39.4718   39.5928   39.6526   39.7389   40.0120   40.0126   40.1204   40.1439  
 23  0.0   39.0206   39.2421   39.4316   39.1750   39.4008   39.5637   39.4063   39.6245   40.2048   39.7743   39.9787   40.1793  
 23  0.5   39.1510   39.3788   39.5093   39.2518   39.4738   39.6280   39.3630   39.5770   40.1796   39.6059   40.4262   40.1828  
 24 -0.5   39.3235   39.4109   39.4622   39.3945   39.4830   39.5336   39.4078   39.5101   39.6074   39.4172   39.5886   39.7790  
 24  0.0   39.0146   39.2473   39.4989   39.1529   39.3962   39.5923   39.2759   39.4778   39.8380   39.3733   39.5949   40.0041  
 24  0.5   38.8011   39.0782   39.2087   38.9495   39.2041   39.3446   39.0877   39.3312   39.8057   39.2682   39.8981   40.0243  
 25 -0.5   39.3134   39.2434   39.2397   39.4387   39.3630   39.3632   39.5488   39.4806   39.5791   39.7151   39.6844   39.8282  
 25  0.0   39.1570   39.2073   39.4350   39.3101   39.3914   39.5746   39.4729   39.5291   39.9841   39.6639   39.7356   40.1179  
 25  0.5   38.9943   39.0621   39.1568   39.1235   39.2013   39.3427   39.2832   39.3792   39.9606   39.5104   40.1653   40.1522  
 26 -0.5   39.5157   39.6069   39.6663   39.6073   39.6917   39.7489   39.6179   39.7108   39.8247   39.6354   39.7904   40.0091  
 26  0.0   39.0841   39.3923   39.7807   39.2697   39.6183   39.8993   39.4453   39.7125   40.1335   39.5817   39.8329   40.2842  
 26  0.5   38.8924   39.1565   39.2910   39.0405   39.2879   39.4586   39.1947   39.4387   40.0556   39.4044   40.1871   40.2896  
 27 -0.5   38.8117   38.8664   38.9270   39.8893   39.9551   40.0331   40.8466   40.8949   40.9495   41.5004   41.5352   41.5841  
 27  0.0   38.5131   38.6283   38.8112   38.9129   39.2922   39.6462   39.8279   40.2255   40.4862   40.6790   40.9057   41.1432  
 27  0.5   38.2611   38.4845   38.6059   38.5388   38.7941   38.9187   38.9617   39.2430   39.5172   39.4977   39.6673   40.1477  
 28 -0.5   34.9456   35.0251   35.0907   36.9425   36.9991   37.0441   38.2714   38.3046   38.3223   39.1407   39.1631   39.1927  
 28  0.0   31.7113   33.7327   34.5625   35.0026   36.0733   36.5061   37.0859   37.4817   37.7120   38.1549   38.3508   38.6044  
 28  0.5   28.5599   29.3786   30.7265   30.7853   31.6565   34.4260   32.6555   35.1385   36.5189   34.0778   36.1712   37.4736  
 29 -0.5   35.4247   35.4922   35.5137   37.4172   37.4614   37.4618   38.7412   38.7619   38.7349   39.6037   39.6137   39.5984  
 29  0.0   32.2425   34.2138   34.9945   35.4963   36.5488   36.9339   37.5733   37.9532   38.1367   38.6362   38.8173   39.0233  
 29  0.5   30.4833   31.1772   31.5749   32.7035   33.3963   34.8872   34.5711   35.7312   36.9595   35.9626   36.7450   37.9095  
 30 -0.5   35.8333   35.9503   36.1305   37.8311   37.9269   38.0873   39.1606   39.2338   39.3672   40.0302   40.0921   40.2371  
 30  0.0   32.5827   34.6539   35.6005   35.8835   36.9994   37.5482   37.9725   38.4100   38.7561   39.0430   39.2809   39.6505  
 30  0.5   28.8117   30.5878   31.9014   31.1786   32.8872   35.4667   33.1029   36.0647   37.5628   34.6048   37.0991   38.5209  
 31 -0.5   38.5696   38.6209   38.6766   39.6371   39.6991   39.7730   40.5702   40.6177   40.6715   41.2183   41.2528   41.3011  
 31  0.0   38.3679   38.4802   38.6405   38.8276   39.1204   39.4227   39.6050   39.9731   40.2232   40.4175   40.6378   40.8703  
 31  0.5   38.1736   38.3893   38.5142   38.4649   38.7230   38.8433   38.8399   39.1302   39.3540   39.3664   39.5224   39.9294  
 32 -0.5   35.8312   35.9107   35.9763   37.8281   37.8847   37.9298   39.1570   39.1902   39.2079   40.0264   40.0487   40.0783  
 32  0.0   32.5969   34.6183   35.4481   35.8882   36.9589   37.3917   37.9716   38.3674   38.5976   39.0405   39.2364   39.4899  
 32  0.5   29.4456   30.2642   31.6121   31.6709   32.5421   35.3116   33.5411   36.0241   37.4045   34.9635   37.0569   38.3591  
 33 -0.5   35.4146   35.4821   35.5036   37.4071   37.4513   37.4517   38.7312   38.7519   38.7248   39.5941   39.6040   39.5885  
 33  0.0   32.2325   34.2037   34.9845   35.4862   36.5387   36.9238   37.5633   37.9432   38.1266   38.6273   38.8083   39.0136  
 33  0.5   30.4733   31.1672   31.5648   32.6934   33.3862   34.8771   34.5611   35.7213   36.9495   35.9547   36.7369   37.9002  
 34 -0.5   35.6438   35.7191   35.7809   37.5936   37.6504   37.6965   38.9139   38.9536   38.9785   39.8000   39.8301   39.8584  
 34  0.0   33.1934   34.9948   35.7348   36.2764   37.2584   37.6492   38.2613   38.6496   38.8598   39.3010   39.5067   39.7105  
 34  0.5   31.7142   32.0217   32.8111   33.6690   34.1852   36.2224   35.3608   36.9332   38.2050   36.5723   37.9751   39.0993  
 35 -0.5   35.4731   35.5539   35.6674   37.4222   37.4846   37.5825   38.7419   38.7870   38.8623   39.6267   39.6618   39.7376  
 35  0.0   33.0312   34.8355   35.6335   36.1108   37.0967   37.5482   38.0926   38.4870   38.7578   39.1312   39.3431   39.6046  
 35  0.5   31.6323   31.9419   32.7683   33.5642   34.0802   36.1551   35.3123   36.7902   38.1286   36.5712   37.8344   39.0190  
 36 -0.5   39.2477   39.9903   40.3096   39.3945   40.1397   40.4197   39.4357   40.1466   40.3944   39.3615   40.0494   40.4201  
 36  0.0   38.2923   39.4293   40.2178   38.7332   39.8401   40.3788   39.1438   40.0029   40.4124   39.3325   40.0189   40.7152  
 36  0.5   38.1713   38.8265   39.1635   38.3981   39.0148   39.3823   38.6160   39.2199   40.1976   38.8194   39.9419   40.6904  
 37 -0.5   37.3867   37.4594   37.5390   38.8346   38.8901   38.9546   39.9262   39.9703   40.0205   40.7745   40.8122   40.8675  
 37  0.0   37.1548   37.4374   37.7689   38.6305   38.8841   39.1106   39.4362   39.7409   39.9586   40.3399   40.5501   40.7892  
 37  0.5   37.0798   37.3981   37.6804   38.2663   38.6364   38.7979   38.6941   39.0103   39.3039   39.0691   39.2962   39.9793  
 38 -0.5   33.8938   33.9070   33.9289   35.3278   35.3417   35.3606   36.7267   36.7392   36.7558   37.8528   37.8639   37.8793  
 38  0.0   34.4390   34.6711   34.7514   36.0218   36.1250   36.1806   37.4532   37.5006   37.5375   38.5848   38.6116   38.6473  
 38  0.5  -30.0000  -30.0000   34.9757   35.8879   36.3921   36.6460   37.3234   37.8847   38.0093   38.7263   38.9463   39.0518  
 39 -0.5   37.0915   37.1641   37.2436   38.5432   38.5984   38.6625   39.6583   39.7002   39.7477   40.4867   40.5237   40.5780  
 39  0.0   36.8579   37.1424   37.4750   38.4258   38.6654   38.8714   39.2550   39.5099   39.7049   40.0696   40.2710   40.5036  
 39  0.5   36.7864   37.1057   37.3921   38.0869   38.5133   38.7005   38.6463   38.9645   39.1722   39.0186   39.2018   39.7435  
 40 -0.5   41.5990   41.6010   41.6036   41.7777   41.7786   41.7799   41.8514   41.8514   41.8516   41.8709   41.8707   41.8704  
 40  0.0   41.5480   41.5765   41.5938   41.7537   41.7636   41.7693   41.8417   41.8415   41.8418   41.8622   41.8610   41.8595  
 40  0.5   41.3398   41.4726   41.5425   41.6255   41.7090   41.7380   41.7993   41.8123   41.8127   41.8409   41.8308   41.8249  
 41 -0.5   38.5961   38.6695   38.7486   39.7039   39.7613   39.8264   40.3153   40.3549   40.3951   40.6120   40.6409   40.6737  
 41  0.0   36.2646   37.7563   38.4370   38.2458   39.1214   39.5117   39.4118   39.8080   40.0325   39.8838   40.1063   40.2836  
 41  0.5   32.2262   33.1913   35.2697   33.6683   34.7874   37.7153   34.7920   37.6076   38.9478   35.6882   38.2323   39.2829  
 42 -0.5   39.0627   39.1361   39.2152   40.1705   40.2279   40.2930   40.7820   40.8216   40.8616   41.0788   41.1078   41.1370  
 42  0.0   36.7312   38.2229   38.9037   38.7124   39.5880   39.9783   39.8786   40.2747   40.4987   40.3509   40.5732   40.7468  
 42  0.5   32.6929   33.6579   35.7363   34.1350   35.2540   38.1819   35.2590   38.0744   39.4136   36.1564   38.6999   39.7463  
 43 -0.5   33.3586   33.3717   33.3904   35.4915   35.5037   35.5213   37.1270   37.1367   37.1504   37.9738   37.9792   37.9879  
 43  0.0   33.8882   34.0402   34.1246   36.1074   36.2129   36.2699   37.6772   37.7074   37.7304   38.1704   38.1840   38.2024  
 43  0.5   34.2332   34.5439   34.7367   36.2444   36.7638   36.9957   37.6682   37.9600   38.0192   38.2566   38.3544   38.4013  
 44 -0.5   37.1084   37.1188   37.1548   38.1968   38.1914   38.2149   38.8025   38.7796   38.7781   39.0543   39.0204   39.0097  
 44  0.0   35.2146   36.5934   37.2169   37.1593   37.9443   38.2848   38.3297   38.6424   38.8185   38.7703   38.9136   39.0581  
 44  0.5   30.9146   31.5087   34.5873   32.1993   33.9364   37.0097   33.3821   37.0105   38.2581   34.7641   37.6192   38.5878  
 45 -0.5   37.5106   37.4666   37.4573   38.5980   38.5374   38.5167   39.2034   39.1254   39.0795   39.4550   39.3665   39.3094  
 45  0.0   35.6199   36.9406   37.5201   37.5612   38.2888   38.5871   38.7307   38.9864   39.1201   39.1710   39.2576   39.3422  
 45  0.5   32.6124   32.9283   34.8997   33.8656   34.5688   37.3139   35.0431   37.3546   38.5593   35.9496   37.9607   38.8831  
 46 -0.5   38.0364   38.1518   38.2519   39.1263   39.2265   39.3127   39.7321   39.8146   39.8760   39.9835   40.0546   40.1062  
 46  0.0   36.1406   37.6290   38.3139   38.0915   38.9837   39.3827   39.2623   39.6821   39.9163   39.7026   39.9529   40.1397  
 46  0.5   32.2390   33.1045   35.6843   33.5772   35.0752   38.1073   34.7675   38.0601   39.3548   35.8740   38.6663   39.6791  
 47 -0.5   37.9481   37.9585   37.9945   39.0365   39.0311   39.0546   39.6422   39.6193   39.6178   39.8940   39.8601   39.8479  
 47  0.0   36.0543   37.4331   38.0566   37.9990   38.7840   39.1245   39.1694   39.4821   39.6578   39.6100   39.7533   39.8788  
 47  0.5   31.7543   32.3484   35.4270   33.0390   34.7761   37.8494   34.2217   37.8502   39.0959   35.6038   38.4558   39.4191  
 48 -0.5   37.5255   37.4815   37.4722   38.6129   38.5524   38.5316   39.2183   39.1403   39.0944   39.4699   39.3815   39.3248  
 48  0.0   35.6349   36.9555   37.5350   37.5761   38.3037   38.6020   38.7457   39.0013   39.1351   39.1862   39.2727   39.3593  
 48  0.5   32.6273   32.9432   34.9146   33.8805   34.5837   37.3288   35.0584   37.3697   38.5746   35.9664   37.9770   38.8989  
 49 -0.5   38.2394   38.2597   38.2880   38.5128   38.5392   38.5829   38.7298   38.7566   38.8117   38.8885   38.9183   38.9916  
 49  0.0   38.1304   38.2245   38.3936   38.4030   38.5425   38.6895   38.6710   38.7735   38.8961   38.8378   38.9050   39.0231  
 49  0.5   38.0475   38.1331   38.2511   38.2547   38.3845   38.4973   38.4058   38.6025   38.7383   38.6070   38.7964   38.8711  
 50 -0.5   38.0216   38.0349   38.0504   38.2998   38.3202   38.3549   38.5165   38.5400   38.5976   38.6852   38.7159   38.8018  
 50  0.0   37.9672   38.0410   38.1805   38.2319   38.3448   38.4773   38.4994   38.5838   38.7077   38.6965   38.7501   38.8611  
 50  0.5   37.9283   37.9904   38.0930   38.1457   38.2470   38.3615   38.3240   38.5035   38.6281   38.5235   38.7116   38.7732  
 51 -0.5   41.0003   41.0679   41.0733   41.6483   41.6927   41.6753   42.0352   42.0585   42.0140   42.1872   42.1979   42.1435  
 51  0.0   38.5199   40.0855   40.7618   40.1932   41.1123   41.4477   41.2965   41.6773   41.8099   41.6856   41.8771   41.9460  
 51  0.5   30.7556   32.0437   37.0291   32.1035   36.2418   39.4535   33.5674   39.6400   40.8115   37.5427   40.3287   41.1494  
 52 -0.5   40.8241   40.9093   41.0614   41.4703   41.5329   41.6655   41.8555   41.8967   42.0005   42.0059   42.0339   42.1236  
 52  0.0   38.3552   39.9362   40.7659   40.0253   40.9618   41.4592   41.1252   41.5252   41.8220   41.5122   41.7232   41.9546  
 52  0.5   34.4198   34.7456   37.1128   35.5485   36.4472   39.5260   36.9134   39.5146   40.8712   38.1570   40.2008   41.2049  
 53 -0.5   40.0003   40.0550   40.0843   40.4928   40.5350   40.5511   40.8334   40.8608   40.8563   41.0321   41.0481   41.0338  
 53  0.0   38.8063   39.8686   40.3681   39.9026   40.5520   40.8373   40.6009   40.9327   41.0867   40.9323   41.1152   41.2234  
 53  0.5   37.0068   37.2541   37.9609   37.4412   37.7738   39.4015   37.7302   39.1841   40.3179   38.0558   39.7498   40.6078  
 54 -0.5   39.8211   39.8834   39.9849   40.3124   40.3630   40.4571   40.6517   40.6878   40.7631   40.8491   40.8739   40.9396  
 54  0.0   38.6321   39.7007   40.2715   39.7272   40.3842   40.7485   40.4242   40.7643   41.0005   40.7544   40.9461   41.1377  
 54  0.5   36.8392   37.0932   37.8879   37.2734   37.6133   39.3362   37.5667   39.0237   40.2519   37.9007   39.5917   40.5406  
 55 -0.5   36.3410   36.3540   36.3717   37.4234   37.4352   37.4512   38.2607   38.2721   38.2876   38.8511   38.8625   38.8771  
 55  0.0   37.0901   37.1838   37.2378   38.2205   38.2804   38.3162   39.0985   39.1272   39.1523   39.7133   39.7330   39.7541  
 55  0.5   37.6301   37.6068   37.7337   38.5542   38.7215   38.8599   39.4662   39.6486   39.7183   40.1358   40.2529   40.3031  
 56 -0.5   39.5394   39.5506   39.5915   39.4782   39.4836   39.5141   39.2960   39.2943   39.3124   39.0171   39.0083   39.0199  
 56  0.0   38.8442   39.6364   40.0496   39.3469   39.7832   40.0201   39.4464   39.6788   39.8327   39.3008   39.4374   39.5641  
 56  0.5   33.7234   34.5092   38.1726   34.0012   36.6564   38.9304   34.3251   38.1326   39.2801   35.7760   38.4044   39.1404  
 57 -0.5   39.7916   39.7718   39.8081   39.7246   39.7037   39.7304   39.5381   39.5135   39.5280   39.2570   39.2273   39.2407  
 57  0.0   39.0908   39.8553   40.2653   39.5879   40.0013   40.2352   39.6818   39.8951   40.0307   39.5293   39.6486   39.7601  
 57  0.5   35.3354   35.4979   38.3868   35.5928   36.8992   39.1413   35.9096   38.3474   39.4337   36.4841   38.6053   39.3107  
 58 -0.5   40.4987   40.5703   40.6195   40.4495   40.5051   40.5422   40.2754   40.3169   40.3405   40.0003   40.0316   40.0477  
 58  0.0   39.8143   40.6599   41.0785   40.3273   40.8070   41.0485   40.4352   40.7031   40.8497   40.2955   40.4616   40.5634  
 58  0.5   35.1782   35.7952   39.2054   35.4807   37.6932   39.9617   35.8022   39.1619   40.2404   36.8575   39.3547   40.1035  
 59 -0.5   40.3215   40.3327   40.3737   40.2604   40.2658   40.2962   40.0781   40.0764   40.0944   39.7993   39.7903   39.8003  
 59  0.0   39.6263   40.4185   40.8316   40.1290   40.5652   40.8020   40.2285   40.4607   40.6011   40.0828   40.2182   40.3129  
 59  0.5   34.5056   35.2912   38.9543   34.7834   37.4382   39.7113   35.1072   38.9140   39.9791   36.5578   39.1077   39.8467  
 60 -0.5   39.8451   39.8252   39.8613   39.7783   39.7571   39.7838   39.5924   39.5673   39.5827   39.3131   39.2825   39.2959  
 60  0.0   39.1453   39.9093   40.3192   39.6435   40.0561   40.2904   39.7401   39.9524   40.0980   39.5951   39.7137   39.8104  
 60  0.5   35.3907   35.5526   38.4416   35.6499   36.9551   39.2006   35.9712   38.4070   39.4912   36.5573   38.6973   39.3639  
 61 -0.5   37.2201   37.8748   38.6271   37.0964   37.7870   38.5569   36.8820   37.6406   38.4294   36.6996   37.5639   38.3273  
 61  0.0   37.1306   38.4564   39.5335   37.5377   38.6080   39.4950   37.5541   38.5033   39.2562   37.4695   38.3522   39.0713  
 61  0.5   36.8366   38.0152   38.4385   37.4773   38.2013   38.7626   37.7391   38.2998   38.7420   37.8619   38.2365   38.6950  
 62 -0.5   38.1772   38.6987   39.3463   38.0318   38.5814   39.2107   37.7877   38.3921   39.0077   37.5635   38.2676   38.8365  
 62  0.0   37.9422   39.0765   39.9150   38.3473   39.1639   39.7990   38.3461   39.0231   39.5253   38.2286   38.8446   39.2903  
 62  0.5   37.5122   38.2341   38.5681   37.9289   38.3641   38.9292   38.1045   38.4587   38.9120   38.2171   38.5546   38.8397  
 63 -0.5   39.1305   39.2994   39.7130   38.9767   39.1705   39.5587   38.7335   38.9873   39.3410   38.5400   38.8590   39.1486  
 63  0.0   38.7563   39.6155   40.1953   39.1987   39.7000   40.0623   39.2084   39.5614   39.7824   39.0825   39.3610   39.4945  
 63  0.5   38.0593   38.4299   38.7285   38.2809   38.5527   39.1395   38.4198   38.6767   39.1353   38.5377   39.0284   39.0319  
 64 -0.5   37.8652   37.9255   38.0478   38.9985   39.0499   39.1658   39.9509   39.9908   40.0922   40.6563   40.6894   40.7943  
 64  0.0   36.4109   37.4614   37.9940   38.1267   38.7542   39.0930   39.4492   39.7134   39.9415   40.2486   40.3893   40.6248  
 64  0.5   31.6165   32.4669   35.9414   33.1053   35.6344   38.0247   34.5429   38.4243   39.3894   37.1341   39.2303   40.0885  
 65 -0.5   38.0360   38.0627   37.9641   39.1678   39.1841   39.0723   40.1196   40.1245   39.9982   40.8231   40.8220   40.7034  
 65  0.0   36.5862   37.5982   37.9001   38.3001   38.8869   38.9842   39.6212   39.8449   39.8283   40.4193   40.5203   40.5137  
 65  0.5   31.8084   32.6058   35.8005   33.3242   35.7545   37.8748   34.7662   38.5479   39.2452   37.3112   39.3540   39.9455  
 66 -0.5   43.0412   43.0289   42.8239   43.0266   43.0032   42.7661   42.9946   42.9648   42.7443   42.9744   42.9517   42.8778  
 66  0.0   42.7752   42.7576   42.5564   42.7943   42.7752   42.5391   42.8024   42.7769   42.6496   42.8084   42.7850   42.9529  
 66  0.5   42.6895   42.6752   42.4092   42.7155   42.6861   42.3926   42.7267   42.6944   42.6551   42.7290   42.8662   42.7834  
 67 -0.5   39.9798   40.1962   40.5826   40.0782   40.2913   40.6654   39.9125   40.1148   40.4732   39.6077   39.8023   40.1526  
 67  0.0   38.8174   39.8622   40.6164   39.4903   40.1575   40.7371   39.6511   40.0896   40.5755   39.5107   39.8484   40.2894  
 67  0.5   30.2375   34.7369   38.6825   30.7620   37.0413   39.5592   32.4879   38.3355   39.7787   35.4120   38.5031   39.6145  
 68 -0.5   40.5571   40.7892   41.1689   40.6560   40.8847   41.2513   40.4902   40.7082   41.0591   40.1854   40.3957   40.7386  
 68  0.0   39.3942   40.4547   41.2025   40.0673   40.7508   41.3228   40.2288   40.6831   41.1611   40.0887   40.4420   40.8749  
 68  0.5   31.2137   35.3319   39.2680   31.7379   37.6364   40.1439   33.0960   38.9304   40.3632   35.9959   39.0977   40.1988  
 69 -0.5   37.3410   37.3492   37.3578   38.1459   38.1530   38.1595   38.5096   38.5142   38.5168   38.6080   38.6119   38.6128  
 69  0.0   37.6902   37.7651   37.8039   38.5318   38.5792   38.6027   38.9438   38.9624   38.9724   39.0584   39.0700   39.0753  
 69  0.5   37.5847   38.0135   38.1459   38.5415   38.8630   38.9778   39.1438   39.3475   39.3970   39.3570   39.4931   39.5248  
 70 -0.5   40.6774   40.7106   40.7577   40.5549   40.5835   40.6266   40.4641   40.4879   40.5372   40.3119   40.3454   40.4793  
 70  0.0   39.9609   40.6216   40.9651   40.2918   40.6682   40.8748   40.4223   40.6353   40.8119   40.3562   40.4939   40.8479  
 70  0.5   38.6981   38.8638   39.5537   38.8292   39.0455   40.0176   38.9867   39.5026   40.5902   39.2230   40.5198   40.7313  
 71 -0.5   40.3861   40.4189   40.4658   40.2668   40.2951   40.3383   40.1822   40.2063   40.2609   40.0493   40.0874   40.2473  
 71  0.0   39.6884   40.3321   40.6721   40.0098   40.3786   40.5833   40.1395   40.3485   40.5393   40.0827   40.2203   40.6339  
 71  0.5   38.5781   38.7579   39.3241   38.7095   38.9237   39.7567   38.8629   39.3053   40.3858   39.0963   40.3588   40.5471  
 72 -0.5   39.8829   39.8863   39.8952   39.8132   39.8177   39.8282   39.7582   39.7623   39.7653   39.7276   39.7246   39.6835  
 72  0.0   39.9265   39.9207   39.9173   39.8540   39.8499   39.8461   39.7962   39.7908   39.7699   39.7623   39.7465   39.6449  
 72  0.5   40.0304   40.0107   39.9835   39.9692   39.9416   39.9123   39.8971   39.8820   39.8292   39.8477   39.8282   39.6966  
 73 -0.5   38.3015   38.4765   38.5712   39.5115   39.6654   39.7430   40.1923   40.3276   40.3843   40.4440   40.5656   40.6077  
 73  0.0   36.9268   38.3891   38.9689   39.2020   39.9371   40.2280   40.3444   40.7082   40.8754   40.7144   40.9684   41.0947  
 73  0.5   30.0836   33.6948   37.0098   31.3863   37.4300   39.5241   33.1109   39.8326   40.6990   37.9690   40.3323   40.9729  
 74 -0.5   38.5973   38.7488   38.8374   39.8104   39.9414   40.0130   40.4950   40.6073   40.6574   40.7498   40.8483   40.8835  
 74  0.0   37.1994   38.6469   39.2264   39.4807   40.1996   40.4883   40.6299   40.9739   41.1373   41.0036   41.2363   41.3583  
 74  0.5   30.4516   33.9104   37.2436   31.7542   37.6609   39.7674   33.3916   40.0777   40.9477   38.2227   40.5797   41.2227  
 75 -0.5   36.0978   36.1458   36.2213   37.2856   37.3254   37.3952   38.3368   38.3652   38.4212   39.0466   39.0675   39.1190  
 75  0.0   34.8630   35.7979   36.2259   36.5543   37.0970   37.3602   37.9289   38.1562   38.3264   38.7414   38.8652   39.0199  
 75  0.5   27.1674   31.3699   34.5616   28.5072   34.4809   36.4916   30.4612   37.0794   37.9054   36.0745   37.9904   38.6360  
 76 -0.5   40.1382   40.1404   40.1464   40.0682   40.0705   40.0750   40.0124   40.0121   40.0010   39.9805   39.9663   39.8893  
 76  0.0   40.1822   40.1747   40.1672   40.1089   40.1021   40.0909   40.0501   40.0394   39.9983   40.0147   39.9860   39.8396  
 76  0.5   40.2903   40.2648   40.2284   40.2265   40.1918   40.1489   40.1518   40.1262   40.0406   40.0987   40.0494   39.8612  
 77 -0.5   36.2166   35.4520   34.5671   37.3902   36.6033   35.7022   38.0578   37.2508   36.3299   38.3084   37.4866   36.5520  
 77  0.0   35.0124   35.4377   35.0000   37.1616   36.9186   36.2128   38.2532   37.6643   36.8435   38.6081   37.9170   37.0584  
 77  0.5   24.6122   31.1909   33.2258   27.1553   34.6563   35.5967   31.4549   36.8952   36.7186   36.0657   37.3774   36.9862  
 78 -0.5   38.5365   38.0722   37.2312   39.7141   39.2228   38.3641   40.3748   39.8674   38.9896   40.6149   40.0998   39.2097  
 78  0.0   37.3840   38.0695   37.6689   39.5465   39.5505   38.8807   40.6247   40.2947   39.5106   40.9685   40.5455   39.7245  
 78  0.5   27.0640   33.8436   35.9010   29.6620   37.3071   38.2706   33.9524   39.5408   39.3913   38.5300   40.0216   39.6585  
 79 -0.5   35.8219   35.0102   34.1098   36.9922   36.1606   35.2441   37.6583   36.8080   35.8714   37.9080   37.0439   36.0933  
 79  0.0   34.6216   34.9942   34.5432   36.7658   36.4749   35.7557   37.8565   37.2207   36.3863   38.2113   37.4738   36.6010  
 79  0.5   23.9473   30.7446   32.7690   26.7507   34.2087   35.1394   31.0535   36.4479   36.2613   35.6651   36.9305   36.5289  
 80 -0.5   40.4520   40.4571   40.4713   40.3816   40.3876   40.3989   40.3253   40.3272   40.3125   40.2920   40.2708   40.1657  
 80  0.0   40.4962   40.4881   40.4837   40.4220   40.4146   40.4034   40.3623   40.3481   40.2887   40.3249   40.2809   40.0884  
 80  0.5   40.6065   40.5759   40.5281   40.5410   40.4983   40.4369   40.4640   40.4244   40.2940   40.4066   40.3083   40.0565  
 81 -0.5   40.3929   40.3945   40.3966   40.5687   40.5692   40.5700   40.6394   40.6391   40.6389   40.6549   40.6545   40.6537  
 81  0.0   40.3519   40.3762   40.3908   40.5538   40.5604   40.5642   40.6383   40.6363   40.6353   40.6556   40.6533   40.6505  
 81  0.5   40.1548   40.2843   40.3492   40.4394   40.5174   40.5410   40.6120   40.6157   40.6123   40.6483   40.6320   40.6223  
 82 -0.5   35.6170   35.6270   35.6424   37.2426   37.2499   37.2612   38.2185   38.2213   38.2260   38.6735   38.6746   38.6772  
 82  0.0   35.8463   35.9814   36.0498   37.5546   37.6272   37.6644   38.6069   38.6227   38.6356   39.0782   39.0822   39.0889  
 82  0.5   35.6483   36.0683   36.2717   37.3430   37.7751   37.9613   38.6551   38.9275   38.9745   39.3579   39.3978   39.4132  
 83 -0.5   32.7529   32.7931   32.8541   36.3436   36.3807   36.4429   38.0930   38.1198   38.1701   39.4822   39.5036   39.5590  
 83  0.0   30.2025   32.5467   32.9251   35.6990   36.2207   36.4617   37.7537   37.9591   38.1100   39.1894   39.2985   39.4633  
 83  0.5  -30.0000  -30.0000  -30.0000   29.4486   33.8199   35.7285   31.7880   36.9936   37.7331   36.6797   38.3620   39.0387  
 84 -0.5   33.2002   33.2403   33.3014   36.7908   36.8279   36.8901   38.5402   38.5670   38.6174   39.9294   39.9508   40.0063  
 84  0.0   30.6497   32.9939   33.3723   36.1462   36.6679   36.9090   38.2009   38.4064   38.5572   39.6367   39.7458   39.9105  
 84  0.5  -30.0000  -30.0000  -30.0000   29.8958   34.2671   36.1757   32.2352   37.4409   38.1803   37.1270   38.8093   39.4859  
 85 -0.5   39.7793   39.7847   39.8034   39.6963   39.7077   39.7386   39.6291   39.6487   39.6973   39.5919   39.6223   39.6953  
 85  0.0   39.9034   39.8679   39.8511   39.7961   39.7771   39.7799   39.7130   39.7095   39.7413   39.6668   39.6752   39.7350  
 85  0.5   40.1757   40.0848   40.0045   40.0814   39.9790   39.9226   39.9822   39.8887   39.8856   39.9029   39.8705   39.8675  
 86 -0.5   39.9396   39.9465   39.9692   39.8580   39.8716   39.9074   39.7922   39.8146   39.8687   39.7560   39.7898   39.8685  
 86  0.0   40.0560   40.0239   40.0122   39.9523   39.9362   39.9437   39.8720   39.8709   39.9065   39.8276   39.8383   39.9012  
 86  0.5   40.3092   40.2284   40.1564   40.2199   40.1278   40.0780   40.1248   40.0423   40.0433   40.0500   40.0259   40.0269  
 87 -0.5   39.9292   39.9324   39.9494   39.9318   39.9351   39.9520   39.9247   39.9280   39.9441   39.9164   39.9196   39.9349  
 87  0.0   39.9214   39.9257   39.9453   39.9288   39.9314   39.9507   39.9247   39.9274   39.9461   39.9186   39.9216   39.9384  
 87  0.5   39.8431   39.9016   39.9409   39.8906   39.9203   39.9498   39.9072   39.9242   39.9462   39.9069   39.9184   39.9400  
 88 -0.5   40.0192   40.0217   40.0350   40.0219   40.0245   40.0376   40.0149   40.0174   40.0299   40.0067   40.0090   40.0209  
 88  0.0   40.0106   40.0146   40.0303   40.0183   40.0203   40.0356   40.0145   40.0164   40.0309   40.0085   40.0106   40.0233  
 88  0.5   39.9285   39.9882   40.0226   39.9771   40.0074   40.0319   39.9944   40.0120   40.0289   39.9949   40.0064   40.0229  
 89 -0.5   42.0843   42.1510   41.9890   42.1209   42.1795   41.9902   41.9139   41.9651   41.7639   41.5819   41.6291   41.4251  
 89  0.0   41.4075   42.0675   42.1543   41.8660   42.2384   42.1820   41.8910   42.1013   41.9774   41.6711   41.8136   41.6612  
 89  0.5   31.2329   38.7119   40.9084   34.0823   40.2306   41.4405   37.1171   40.9810   41.5054   38.7849   41.0170   41.2829  
 90 -0.5   42.2234   42.1011   41.6635   42.2571   42.1187   41.6549   42.0499   41.9042   41.4274   41.7183   41.5700   41.0887  
 90  0.0   41.5457   42.0063   41.8234   41.9999   42.1661   41.8422   42.0245   42.0293   41.6359   41.8053   41.7442   41.3198  
 90  0.5   31.3321   38.5823   40.5571   34.1911   40.0973   41.0828   37.2283   40.8555   41.1477   38.8960   40.9008   40.9266  
 91 -0.5   40.4922   40.4930   40.4965   40.4944   40.4954   40.4998   40.4911   40.4933   40.5102   40.4959   40.5053   40.5573  
 91  0.0   40.4876   40.4875   40.4906   40.4909   40.4902   40.4940   40.4848   40.4857   40.5253   40.4804   40.4874   40.5867  
 91  0.5   40.4577   40.4736   40.4789   40.4770   40.4816   40.4862   40.4819   40.4789   40.5312   40.4720   40.5353   40.5487  
 92 -0.5   39.8732   39.8759   39.8862   39.7948   39.8007   39.8177   39.7316   39.7420   39.7693   39.6964   39.7126   39.7548  
 92  0.0   39.9652   39.9425   39.9316   39.8734   39.8609   39.8619   39.8017   39.7990   39.8186   39.7621   39.7667   39.8069  
 92  0.5   40.1469   40.1024   40.0587   40.0749   40.0199   39.9893   39.9940   39.9503   39.9535   39.9348   39.9339   39.9339  
 93 -0.5   40.6298   40.6305   40.6337   40.6321   40.6331   40.6372   40.6290   40.6311   40.6477   40.6339   40.6433   40.6938  
 93  0.0   40.6245   40.6248   40.6276   40.6283   40.6276   40.6311   40.6224   40.6233   40.6625   40.6181   40.6251   40.7210  
 93  0.5   40.5913   40.6092   40.6150   40.6116   40.6179   40.6226   40.6171   40.6158   40.6674   40.6079   40.6719   40.6839  
 94 -0.5   41.2831   41.3073   41.3378   41.4411   41.4619   41.4883   41.5595   41.5752   41.5935   41.6228   41.6343   41.6475  
 94  0.0   40.6556   41.2222   41.5034   41.1712   41.5009   41.6654   41.4694   41.6417   41.7419   41.5945   41.6951   41.7692  
 94  0.5   35.3395   37.8789   40.2989   35.9906   39.5287   40.9925   36.8727   40.7295   41.4237   39.3071   41.0837   41.5571  
 95 -0.5   40.8414   40.8564   40.8956   40.7706   40.7896   40.8254   40.7138   40.7291   40.7245   40.6794   40.6587   40.5366  
 95  0.0   40.8902   40.8836   40.8964   40.8137   40.8108   40.8145   40.7523   40.7414   40.6742   40.7131   40.6534   40.4199  
 95  0.5   41.0128   40.9745   40.9130   40.9446   40.8904   40.8060   40.8643   40.8041   40.6247   40.8013   40.6252   40.3397  
 96 -0.5   40.7855   40.7862   40.7892   40.7880   40.7889   40.7928   40.7849   40.7871   40.8036   40.7901   40.7996   40.8481  
 96  0.0   40.7796   40.7801   40.7829   40.7836   40.7832   40.7865   40.7780   40.7790   40.8181   40.7739   40.7810   40.8717  
 96  0.5   40.7436   40.7631   40.7695   40.7646   40.7724   40.7774   40.7707   40.7707   40.8215   40.7621   40.8261   40.8360  
 97 -0.5  -30.0000  -30.0000  -30.0000  -30.0000  -30.0000  -30.0000  -30.0000  -30.0000  -30.0000  -30.0000  -30.0000  -30.0000  
 97  0.0  -30.0000  -30.0000  -30.0000  -30.0000  -30.0000  -30.0000  -30.0000  -30.0000  -30.0000  -30.0000  -30.0000  -30.0000  
 97  0.5   37.6102   37.7301   38.1813   37.7063   37.8524   38.3506   37.7616   37.9748   38.3140   37.7760   37.9456   38.1194  
 98 -0.5   40.7652   40.7895   40.8200   40.9233   40.9441   40.9704   41.0417   41.0573   41.0757   41.1050   41.1165   41.1297  
 98  0.0   40.1378   40.7044   40.9856   40.6534   40.9831   41.1475   40.9516   41.1239   41.2241   41.0767   41.1773   41.2521  
 98  0.5   34.8216   37.3611   39.7811   35.4728   39.0109   40.4747   36.3549   40.2117   40.9059   38.7893   40.5659   41.0393  
 99 -0.5  -30.0000  -30.0000  -30.0000  -30.0000  -30.0000  -30.0000  -30.0000  -30.0000  -30.0000  -30.0000  -30.0000  -30.0000  
 99  0.0  -30.0000  -30.0000  -30.0000  -30.0000  -30.0000  -30.0000  -30.0000  -30.0000  -30.0000  -30.0000  -30.0000  -30.0000  
 99  0.5   37.5333   37.6244   37.9853   37.6170   37.7246   38.1335   37.6600   37.8140   38.1014   37.6584   37.7848   37.9365  
100 -0.5   39.8413   39.8465   39.8629   39.7683   39.7771   39.8007   39.7105   39.7240   39.7599   39.6817   39.7020   39.7588  
100  0.0   39.8999   39.8913   39.8941   39.8208   39.8189   39.8310   39.7576   39.7628   39.8009   39.7232   39.7352   39.8135  
100  0.5   40.0345   40.0084   39.9864   39.9694   39.9377   39.9274   39.8951   39.8799   39.9181   39.8432   39.8937   39.9073  
101 -0.5   40.7652   40.7895   40.8200   40.9233   40.9441   40.9704   41.0417   41.0573   41.0757   41.1050   41.1165   41.1297  
101  0.0   40.1378   40.7044   40.9856   40.6534   40.9831   41.1475   40.9516   41.1239   41.2241   41.0767   41.1773   41.2521  
101  0.5   34.8216   37.3611   39.7811   35.4728   39.0109   40.4747   36.3549   40.2117   40.9059   38.7893   40.5659   41.0393  
102 -0.5   40.9645   40.9652   40.9682   40.9671   40.9680   40.9719   40.9642   40.9664   40.9829   40.9697   40.9793   41.0241  
102  0.0   40.9582   40.9589   40.9617   40.9625   40.9621   40.9654   40.9569   40.9580   40.9968   40.9529   40.9602   41.0420  
102  0.5   40.9208   40.9411   40.9478   40.9423   40.9507   40.9559   40.9486   40.9493   40.9978   40.9402   41.0026   41.0087  
103 -0.5   40.1283   40.1322   40.1458   40.0498   40.0576   40.0794   39.9866   39.9999   40.0341   39.9515   39.9722   40.0248  
103  0.0   40.2218   40.1988   40.1896   40.1293   40.1172   40.1211   40.0571   40.0557   40.0803   40.0174   40.0244   40.0749  
103  0.5   40.4089   40.3618   40.3167   40.3355   40.2782   40.2475   40.2537   40.2079   40.2141   40.1935   40.1933   40.1985  
104 -0.5   40.5612   40.7326   41.0321   40.4309   40.6065   40.8922   40.1949   40.3683   40.6422   39.8759   40.0457   40.3131  
104  0.0   40.1504   40.8373   41.3743   40.3933   40.8496   41.2681   40.3427   40.6712   41.0281   40.1153   40.3851   40.7123  
104  0.5   36.0657   37.9781   40.4936   36.3111   39.2238   40.8270   36.7352   39.8760   40.8369   37.8488   39.8669   40.5970  
105 -0.5   40.0544   40.2232   40.5274   39.9240   40.0970   40.3878   39.6879   39.8587   40.1377   39.3683   39.5354   39.8077  
105  0.0   39.6469   40.3293   40.8704   39.8883   40.3407   40.7641   39.8362   40.1619   40.5240   39.6079   39.8754   40.2073  
105  0.5   35.1285   37.4729   39.9936   35.3597   38.7201   40.3258   35.9506   39.3706   40.3347   37.3090   39.3549   40.0935  
106 -0.5   41.1750   41.1757   41.1787   41.1776   41.1786   41.1824   41.1748   41.1770   41.1931   41.1806   41.1902   41.2267  
106  0.0   41.1690   41.1695   41.1722   41.1731   41.1727   41.1759   41.1674   41.1685   41.2060   41.1635   41.1709   41.2359  
106  0.5   41.1327   41.1524   41.1586   41.1539   41.1617   41.1666   41.1600   41.1600   41.2028   41.1513   41.2077   41.2069  
107 -0.5   37.5348   37.5386   37.5427   37.7314   37.7338   37.7364   37.8248   37.8250   37.8250   37.8139   37.8114   37.8045  
107  0.0   38.4875   38.4814   38.4740   38.6839   38.6768   38.6741   38.7892   38.7820   38.7804   38.7930   38.7857   38.7766  
107  0.5   39.3521   39.1875   39.1546   39.4253   39.3728   39.3700   39.5622   39.5146   39.5029   39.6138   39.5546   39.5320  
108 -0.5   41.4422   41.4449   41.4504   41.4457   41.4483   41.4543   41.4424   41.4459   41.4618   41.4473   41.4572   41.4765  
108  0.0   41.4264   41.4263   41.4300   41.4298   41.4295   41.4340   41.4238   41.4254   41.4600   41.4198   41.4278   41.4652  
108  0.5   41.3962   41.4124   41.4166   41.4159   41.4205   41.4240   41.4210   41.4177   41.4476   41.4109   41.4527   41.4409  
109 -0.5   39.0879   39.1473   39.2205   40.1126   40.1600   40.2228   40.6552   40.6885   40.7315   40.8937   40.9186   40.9525  
109  0.0   37.4314   38.6006   39.1204   39.1550   39.8148   40.1189   40.1174   40.4163   40.5963   40.4856   40.6565   40.7970  
109  0.5   33.3469   34.1247   36.9377   34.6517   36.5254   38.9146   35.8165   38.8807   39.9194   37.0383   39.4080   40.1881  
110 -0.5   34.0029   34.0084   34.0191   35.6141   35.6196   35.6296   36.6317   36.6362   36.6441   37.2209   37.2260   37.2335  
110  0.0   34.8123   34.8288   34.8500   36.4233   36.4417   36.4577   37.4714   37.4727   37.4793   38.0493   38.0529   38.0588  
110  0.5   35.8539   35.7579   35.7455   37.2352   37.2996   37.3390   38.4217   38.3617   38.3601   38.9590   38.9200   38.9157  
111 -0.5   40.4439   40.4502   40.4712   40.3648   40.3768   40.4090   40.3012   40.3208   40.3689   40.2662   40.2959   40.3669  
111  0.0   40.5420   40.5178   40.5119   40.4473   40.4358   40.4457   40.3736   40.3746   40.4085   40.3333   40.3446   40.4107  
111  0.5   40.7414   40.6887   40.6396   40.6654   40.6023   40.5699   40.5814   40.5299   40.5395   40.5190   40.5172   40.5280  
112 -0.5   38.8696   38.8643   38.8686   38.6833   38.6700   38.6655   38.5072   38.4861   38.4708   38.2057   38.1784   38.1556  
112  0.0   38.2353   38.8557   39.1408   38.5144   38.8491   38.9974   38.5779   38.7465   38.8274   38.3866   38.4769   38.5224  
112  0.5   34.5833   36.2017   37.9763   34.5072   36.9555   38.2117   34.6342   37.4300   38.3383   35.3450   37.5021   38.1487  
113 -0.5   37.6461   37.6494   37.6565   38.4363   38.4391   38.4446   38.7876   38.7887   38.7913   38.8767   38.8775   38.8790  
113  0.0   38.1043   38.1226   38.1371   38.9020   38.9144   38.9241   39.2844   39.2848   39.2872   39.3850   39.3849   39.3852  
113  0.5   38.3126   38.5516   38.5902   39.1787   39.3426   39.3817   39.7287   39.7692   39.7748   39.8867   39.8951   39.8963  
114 -0.5   40.2334   40.2549   40.2430   40.4656   40.4731   40.4464   40.3697   40.3660   40.3243   40.0854   40.0753   40.0262  
114  0.0   39.6663   40.5155   40.8372   40.6612   41.0218   41.1380   40.8809   41.0222   41.0546   40.7128   40.7827   40.7818  
114  0.5   31.1798   37.5449   39.6194   34.0336   39.5352   40.8073   36.7989   40.5093   41.0732   38.5585   40.5257   40.8756  
115 -0.5   32.6920   32.7019   32.7203   34.1095   34.1206   34.1363   35.4903   35.5007   35.5148   36.5927   36.6019   36.6135  
115  0.0   33.3479   33.5252   33.5797   34.8851   34.9566   34.9965   36.2852   36.3177   36.3448   37.3943   37.4125   37.4363  
115  0.5  -30.0000  -30.0000   33.9047   34.9924   35.3509   35.5377   36.3898   36.7847   36.8717   37.6825   37.8288   37.8982  
116 -0.5   40.7161   40.7173   40.7191   40.8893   40.8894   40.8900   40.9573   40.9568   40.9566   40.9698   40.9691   40.9682  
116  0.0   40.6892   40.7071   40.7178   40.8854   40.8877   40.8894   40.9656   40.9615   40.9595   40.9798   40.9764   40.9723  
116  0.5   40.5252   40.6391   40.6917   40.8032   40.8640   40.8779   40.9714   40.9531   40.9444   40.9938   40.9663   40.9523  
117 -0.5   37.3856   37.4121   37.4083   38.5015   38.5227   38.5132   39.4886   39.5019   39.4831   40.1352   40.1434   40.1214  
117  0.0   36.7044   37.3394   37.5719   38.1663   38.5287   38.6474   39.3783   39.5262   39.5770   40.1043   40.1797   40.2158  
117  0.5   27.2414   34.6987   36.6378   31.3377   36.9701   38.2039   34.3295   38.9457   39.4276   38.4426   39.7512   40.0969  
118 -0.5   37.2370   37.2731   37.3478   38.3559   38.3869   38.4585   39.3461   39.3690   39.4304   39.9962   40.0136   40.0694  
118  0.0   36.5476   37.1949   37.5132   38.0110   38.3867   38.5955   39.2255   39.3858   39.5275   39.9536   40.0407   40.1666  
118  0.5   27.5986   34.5665   36.5986   31.2125   36.8315   38.1675   34.1906   38.8030   39.3893   38.2878   39.6084   40.0585  
119 -0.5   41.7698   41.7725   41.7780   41.7725   41.7752   41.7811   41.7686   41.7721   41.7852   41.7733   41.7818   41.7756  
119  0.0   41.7573   41.7549   41.7576   41.7585   41.7569   41.7609   41.7511   41.7522   41.7776   41.7465   41.7542   41.7615  
119  0.5   41.7437   41.7507   41.7494   41.7596   41.7552   41.7547   41.7618   41.7493   41.7564   41.7477   41.7619   41.7438  
120 -0.5   39.8760   39.8807   39.8968   39.7963   39.8054   39.8302   39.7319   39.7467   39.7840   39.6959   39.7180   39.7722  
120  0.0   39.9764   39.9508   39.9410   39.8807   39.8673   39.8719   39.8061   39.8042   39.8300   39.7649   39.7714   39.8234  
120  0.5   40.1788   40.1243   40.0722   40.1022   40.0365   39.9999   40.0174   39.9619   39.9640   39.9537   39.9448   39.9444  
121 -0.5   40.6667   40.7007   40.7334   41.5784   41.6059   41.6320   42.0287   42.0479   42.0623   42.1934   42.2079   42.2166  
121  0.0   40.0155   40.6531   40.9167   41.3124   41.6599   41.8107   41.9908   42.1474   42.2309   42.2240   42.3152   42.3761  
121  0.5   33.6068   38.1737   40.0637   35.2026   40.2138   41.4208   37.6398   41.5755   42.1177   40.3712   41.9316   42.3091  
122 -0.5   41.1415   41.1755   41.2081   42.0531   42.0806   42.1068   42.5035   42.5226   42.5370   42.6681   42.6827   42.6914  
122  0.0   40.4903   41.1279   41.3915   41.7871   42.1346   42.2854   42.4656   42.6221   42.7056   42.6987   42.7899   42.8507  
122  0.5   34.0815   38.6484   40.5384   35.6774   40.6886   41.8955   38.1145   42.0502   42.5924   40.8459   42.4064   42.7838  
123 -0.5   40.2269   40.2354   40.2611   40.1536   40.1669   40.2016   40.0955   40.1148   40.1631   40.0663   40.0936   40.1634  
123  0.0   40.2894   40.2803   40.2891   40.2086   40.2080   40.2280   40.1443   40.1522   40.1993   40.1093   40.1249   40.2159  
123  0.5   40.4330   40.4027   40.3776   40.3662   40.3298   40.3184   40.2902   40.2700   40.3103   40.2364   40.2840   40.3000  
124 -0.5   40.2787   40.3846   40.4333   40.0430   40.1493   40.1923   39.7090   39.8196   39.8714   39.3287   39.4446   39.5190  
124  0.0   40.5046   41.0045   41.1995   40.6450   40.9083   40.9985   40.4294   40.6160   40.6688   40.1027   40.2624   40.3101  
124  0.5   36.8888   38.7971   40.6912   37.0381   39.8247   40.8858   37.5334   40.0447   40.6742   38.1986   39.9785   40.3718  
125 -0.5   40.1949   40.2044   40.0546   39.8693   39.8683   39.7129   39.4789   39.4617   39.3298   39.0645   39.0182   38.9851  
125  0.0   40.0346   40.4454   40.4551   40.0104   40.2232   40.0831   39.7408   39.8487   39.5966   39.4003   39.4031   39.1964  
125  0.5   38.1040   38.4595   39.8736   38.2238   38.9833   39.8173   38.3428   39.1139   39.6353   38.4812   39.3513   39.4302  
126 -0.5   40.3463   40.2495   39.9455   40.0150   39.9074   39.6105   39.6098   39.4897   39.2322   39.1393   38.9828   38.8498  
126  0.0   40.1808   40.4531   40.2900   40.1502   40.2183   39.9133   39.8716   39.8310   39.4056   39.5087   39.3557   38.9862  
126  0.5   37.8925   38.3555   39.6974   38.0006   38.9516   39.6302   38.1115   39.0652   39.4100   38.2416   39.1671   39.1880  
127 -0.5   40.1234   40.1455   40.1387   40.3471   40.3557   40.3345   40.2451   40.2428   40.2074   39.9569   39.9485   39.9061  
127  0.0   39.6314   40.4438   40.7544   40.5942   40.9341   41.0470   40.7925   40.9251   40.9583   40.6129   40.6787   40.6807  
127  0.5   28.4724   37.7215   39.6432   34.4917   39.6023   40.7848   37.0569   40.5030   41.0298   38.6432   40.4998   40.8248  
128 -0.5  -30.0000  -30.0000  -30.0000  -30.0000  -30.0000  -30.0000  -30.0000  -30.0000  -30.0000  -30.0000  -30.0000  -30.0000  
128  0.0  -30.0000  -30.0000  -30.0000  -30.0000  -30.0000  -30.0000  -30.0000  -30.0000  -30.0000  -30.0000  -30.0000  -30.0000  
128  0.5  -30.0000  -30.0000  -30.0000  -30.0000  -30.0000  -30.0000  -30.0000  -30.0000  -30.0000  -30.0000  -30.0000  -30.0000  
129 -0.5   32.4648   32.4948   32.5302   34.7415   34.7734   34.8292   36.5496   36.5874   36.6414   38.1869   38.2276   38.2991  
129  0.0   30.1795   32.2142   32.8910   34.8095   35.2307   35.4304   36.8797   37.0502   37.1808   38.5567   38.6595   38.8097  
129  0.5  -30.0000  -30.0000  -30.0000   28.8712   33.7047   35.2303   32.7609   36.7232   37.2605   37.2207   38.3414   38.8279  
130 -0.5   39.6696   39.7117   39.7991   39.7056   39.7415   39.8270   39.5047   39.5344   39.6121   39.1770   39.2047   39.2790  
130  0.0   39.1949   39.8945   40.2779   39.7003   40.0905   40.3389   39.7687   39.9776   40.1520   39.5771   39.7104   39.8497  
130  0.5   35.3924   36.3104   39.2002   35.6679   38.0300   39.8689   35.8287   39.0088   39.9948   36.6705   39.0880   39.7845  
131 -0.5   40.8538   40.8725   40.9272   40.7738   40.8048   40.8796   40.7098   40.7556   40.8542   40.6750   40.7386   40.8661  
131  0.0   40.9627   40.9377   40.9516   40.8628   40.8566   40.8947   40.7857   40.7976   40.8666   40.7437   40.7710   40.8798  
131  0.5   41.1917   41.1249   41.0661   41.1092   41.0314   40.9964   41.0198   40.9535   40.9730   40.9512   40.9438   40.9672  
132 -0.5   32.6393   32.6694   32.7048   34.9160   34.9480   35.0037   36.7241   36.7620   36.8159   38.3614   38.4022   38.4737  
132  0.0   30.3541   32.3887   33.0656   34.9841   35.4053   35.6050   37.0543   37.2248   37.3554   38.7312   38.8340   38.9843  
132  0.5  -30.0000  -30.0000  -30.0000   29.0457   33.8792   35.4049   32.9355   36.8978   37.4350   37.3952   38.5160   39.0025  
133 -0.5   41.4278   41.4492   41.4981   41.1511   41.1729   41.2300   40.8040   40.8321   40.9118   40.4010   40.4351   40.5935  
133  0.0   40.9917   41.4063   41.6680   41.0369   41.2578   41.4212   40.8308   40.9766   41.0959   40.5283   40.6353   40.8475  
133  0.5   34.1023   38.7488   40.7063   35.5368   39.5670   40.7362   37.3598   39.7146   40.6049   38.0202   40.1280   40.5795  
134 -0.5   39.6051   39.6244   39.6585   39.9550   39.9662   39.9936   40.1730   40.1750   40.1898   40.2299   40.2253   40.2324  
134  0.0   38.9036   39.5669   39.8836   39.6581   40.0401   40.2280   40.1070   40.2886   40.3987   40.2423   40.3395   40.4196  
134  0.5   33.4131   36.0568   38.6285   33.7473   37.9589   39.5624   34.8378   39.3758   40.1151   37.8530   39.7113   40.2235  
135 -0.5   40.9322   40.9536   41.0025   40.6555   40.6773   40.7344   40.3084   40.3365   40.4163   39.9055   39.9395   40.1000  
135  0.0   40.4961   40.9107   41.1723   40.5413   40.7621   40.9256   40.3352   40.4810   40.6008   40.0327   40.1398   40.3740  
135  0.5   33.6067   38.2532   40.2107   35.0413   39.0714   40.2406   36.8642   39.2190   40.1183   37.5246   39.6910   40.1267  
136 -0.5  -30.0000  -30.0000  -30.0000  -30.0000  -30.0000  -30.0000  -30.0000  -30.0000  -30.0000  -30.0000  -30.0000  -30.0000  
136  0.0  -30.0000  -30.0000  -30.0000  -30.0000  -30.0000  -30.0000  -30.0000  -30.0000  -30.0000  -30.0000  -30.0000  -30.0000  
136  0.5  -30.0000  -30.0000  -30.0000  -30.0000  -30.0000  -30.0000  -30.0000  -30.0000  -30.0000  -30.0000  -30.0000  -30.0000  
137 -0.5   40.9508   40.9715   40.9636   40.9075   40.9256   40.9143   40.6540   40.6714   40.6636   40.2935   40.3135   40.3155  
137  0.0   41.1133   41.4831   41.6223   41.3358   41.5308   41.5926   41.2270   41.3282   41.3527   40.9302   40.9971   41.0064  
137  0.5   36.7400   40.1570   41.5457   37.5338   40.9985   41.8095   39.0514   41.3026   41.7264   39.7899   41.1614   41.4230  
138 -0.5   42.2281   42.2325   42.2398   42.2288   42.2327   42.2402   42.2222   42.2267   42.2495   42.2249   42.2380   42.3258  
138  0.0   42.2142   42.2067   42.2081   42.2102   42.2062   42.2102   42.1996   42.2000   42.2550   42.1935   42.2021   42.3721  
138  0.5   42.2417   42.2254   42.2106   42.2475   42.2214   42.2112   42.2424   42.2078   42.2783   42.2190   42.2908   42.3145  
139 -0.5   41.4203   41.4410   41.4331   41.3771   41.3951   41.3838   41.1235   41.1409   41.1331   40.7630   40.7830   40.7850  
139  0.0   41.5828   41.9526   42.0918   41.8053   42.0003   42.0622   41.6965   41.7977   41.8222   41.3997   41.4666   41.4759  
139  0.5   37.2095   40.6265   42.0152   38.0033   41.4680   42.2790   39.5209   41.7721   42.1959   40.2594   41.6309   41.8925  
140 -0.5   40.3050   40.3146   40.3450   40.2237   40.2404   40.2835   40.1579   40.1833   40.2427   40.1211   40.1566   40.2364  
140  0.0   40.4171   40.3881   40.3847   40.3159   40.3027   40.3181   40.2373   40.2387   40.2790   40.1937   40.2058   40.2784  
140  0.5   40.6492   40.5801   40.5163   40.5659   40.4847   40.4409   40.4755   40.4032   40.4057   40.4052   40.3848   40.3869  
141 -0.5   41.7299   41.6155   41.2587   41.5494   41.4154   41.0262   41.2743   41.1297   40.7289   40.9237   40.7711   40.3731  
141  0.0   41.6525   41.8288   41.5651   41.7262   41.7335   41.3556   41.5769   41.4969   41.0529   41.2925   41.1755   40.6968  
141  0.5   36.7033   40.1085   41.0588   37.6376   40.8160   41.1402   39.1177   41.0954   41.0156   39.9168   40.9706   40.7284  
142 -0.5   41.5974   41.6179   41.4217   41.4216   41.4339   41.1990   41.1492   41.1569   40.9045   40.8012   40.8060   40.5540  
142  0.0   41.5254   41.8610   41.7661   41.6036   41.7769   41.5660   41.4559   41.5453   41.2714   41.1719   41.2256   40.9270  
142  0.5   37.0449   40.2030   41.2832   37.6912   40.9114   41.3695   39.0338   41.1883   41.2494   39.8227   41.0642   40.9683  
143 -0.5   40.1419   40.2570   40.4937   40.0878   40.2456   40.5148   40.0537   40.2625   40.5814   40.0570   40.3471   40.7086  
143  0.0   40.1536   40.2325   40.4641   40.0999   40.2270   40.4960   40.0669   40.2494   40.5886   40.0701   40.3414   40.7256  
143  0.5   40.2490   40.2912   40.4244   40.2043   40.2808   40.4985   40.1630   40.3244   40.6566   40.1701   40.5406   40.7710  
144 -0.5   40.7575   40.7728   40.7931   40.8335   40.8463   40.8636   40.8687   40.8780   40.8895   40.8048   40.8111   40.8173  
144  0.0   40.6125   40.9495   41.1115   40.8983   41.0883   41.1842   41.0393   41.1368   41.1948   41.0177   41.0750   41.1149  
144  0.5   32.2698   39.3251   40.6769   36.7719   40.2073   41.0273   38.3895   40.8191   41.2321   39.7083   40.9516   41.2200  
145 -0.5   39.4023   40.0675   40.2968   39.1740   39.8242   40.0430   38.8346   39.4853   39.7146   38.4549   39.1033   39.3441  
145  0.0   39.9376   40.8465   41.1382   40.0093   40.7060   40.9130   39.7276   40.3820   40.5677   39.3589   40.0059   40.1806  
145  0.5   34.2964   39.3735   40.9647   35.8978   40.1415   41.0595   37.6025   40.2127   40.7981   38.1831   40.0285   40.4406  
146 -0.5   39.8969   40.1134   40.4998   39.9954   40.2085   40.5825   39.8296   40.0319   40.3903   39.5248   39.7194   40.0698  
146  0.0   38.7346   39.7793   40.5336   39.4075   40.0746   40.6543   39.5682   40.0067   40.4926   39.4278   39.7656   40.2066  
146  0.5   30.1546   34.6540   38.5997   30.6791   36.9584   39.4763   32.4050   38.2527   39.6959   35.3292   38.4203   39.5317  
147 -0.5   40.3637   40.5957   40.9754   40.4625   40.6912   41.0578   40.2968   40.5147   40.8656   39.9919   40.2022   40.5451  
147  0.0   39.2007   40.2612   41.0090   39.8739   40.5573   41.1293   40.0353   40.4896   40.9677   39.8952   40.2485   40.6818  
147  0.5   31.0202   35.1384   39.0745   31.5444   37.4430   39.9504   32.9025   38.7369   40.1697   35.8024   38.9043   40.0056  
148 -0.5   37.1738   37.1813   37.1902   37.9787   37.9851   37.9920   38.3424   38.3463   38.3493   38.4408   38.4440   38.4453  
148  0.0   37.5230   37.5973   37.6363   38.3646   38.4113   38.4352   38.7766   38.7945   38.8048   38.8911   38.9020   38.9079  
148  0.5   37.4039   37.8454   37.9784   38.3606   38.6950   38.8103   38.9649   39.1795   39.2295   39.1863   39.3252   39.3573  
149 -0.5   40.1192   40.3357   40.7221   40.2177   40.4308   40.8048   40.0519   40.2543   40.6126   39.7471   39.9417   40.2921  
149  0.0   38.9569   40.0017   40.7559   39.6298   40.2970   40.8766   39.7905   40.2290   40.7149   39.6501   39.9879   40.4289  
149  0.5   30.3769   34.8763   38.8220   30.9014   37.1807   39.6986   32.6274   38.4750   39.9182   35.5515   38.6426   39.7540  
150 -0.5   40.0946   40.3267   40.7064   40.1935   40.4222   40.7888   40.0277   40.2457   40.5966   39.7229   39.9332   40.2761  
150  0.0   38.9317   39.9922   40.7399   39.6048   40.2883   40.8603   39.7662   40.2206   40.6986   39.6262   39.9795   40.4127  
150  0.5   30.7512   34.8694   38.8054   31.2754   37.1739   39.6814   32.6335   38.4679   39.9007   35.5334   38.6353   39.7365  
151 -0.5   40.1329   40.1482   40.1685   40.2089   40.2217   40.2391   40.2441   40.2534   40.2650   40.1803   40.1865   40.1928  
151  0.0   39.9880   40.3249   40.4870   40.2738   40.4638   40.5596   40.4148   40.5122   40.5702   40.3931   40.4504   40.4904  
151  0.5   31.6452   38.7005   40.0524   36.1473   39.5827   40.4027   37.7649   40.1946   40.6076   39.0837   40.3270   40.5954  
152 -0.5   40.0180   40.0177   40.0191   40.0147   40.0147   40.0165   40.0048   40.0057   40.0162   40.0002   40.0059   40.0445  
152  0.0   40.0408   40.0285   40.0234   40.0332   40.0242   40.0220   40.0189   40.0147   40.0395   40.0084   40.0105   40.0923  
152  0.5   40.0670   40.0569   40.0403   40.0769   40.0526   40.0382   40.0737   40.0370   40.0637   40.0508   40.0695   40.0730  
153 -0.5   40.6980   40.7232   40.7672   40.9629   40.9851   41.0239   41.1101   41.1279   41.1595   41.1087   41.1234   41.1504  
153  0.0   40.6403   40.9882   41.1695   41.1202   41.3214   41.4352   41.3887   41.4906   41.5641   41.4287   41.4912   41.5479  
153  0.5   34.1213   39.7156   40.8758   37.6375   40.6710   41.4040   39.1258   41.3515   41.7207   40.4484   41.5140   41.7595  
154 -0.5   40.1558   40.1556   40.1568   40.1526   40.1525   40.1542   40.1426   40.1435   40.1540   40.1380   40.1437   40.1833  
154  0.0   40.1790   40.1665   40.1612   40.1713   40.1622   40.1598   40.1569   40.1527   40.1776   40.1463   40.1484   40.2329  
154  0.5   40.2051   40.1952   40.1783   40.2151   40.1909   40.1761   40.2121   40.1751   40.2023   40.1890   40.2084   40.2126  
155 -0.5   41.0981   41.1232   41.1672   41.3630   41.3851   41.4239   41.5101   41.5279   41.5595   41.5087   41.5234   41.5504  
155  0.0   41.0403   41.3882   41.5695   41.5202   41.7214   41.8352   41.7887   41.8906   41.9641   41.8287   41.8912   41.9479  
155  0.5   34.5213   40.1156   41.2758   38.0375   41.0710   41.8040   39.5258   41.7515   42.1208   40.8484   41.9140   42.1595  
156 -0.5   40.3115   40.3112   40.3123   40.3081   40.3080   40.3097   40.2981   40.2989   40.3095   40.2934   40.2992   40.3409  
156  0.0   40.3353   40.3225   40.3170   40.3273   40.3180   40.3155   40.3128   40.3084   40.3337   40.3021   40.3041   40.3933  
156  0.5   40.3634   40.3525   40.3348   40.3731   40.3477   40.3324   40.3697   40.3316   40.3597   40.3462   40.3662   40.3716  
157 -0.5   40.4899   40.4895   40.4906   40.4862   40.4861   40.4877   40.4760   40.4769   40.4876   40.4712   40.4771   40.5227  
157  0.0   40.5153   40.5017   40.4957   40.5066   40.4968   40.4939   40.4916   40.4869   40.5131   40.4806   40.4826   40.5800  
157  0.5   40.5487   40.5348   40.5153   40.5571   40.5290   40.5123   40.5528   40.5118   40.5415   40.5281   40.5486   40.5561  
158 -0.5   41.1970   41.5608   41.9922   41.1505   41.5666   41.9837   41.1166   41.5690   41.9748   41.1057   41.5821   41.9847  
158  0.0   41.2126   41.4898   41.9560   41.1585   41.5095   41.9494   41.1209   41.5119   41.9397   41.1042   41.5177   41.9524  
158  0.5   41.3488   41.3398   41.7395   41.2785   41.3371   41.8161   41.2024   41.3846   41.8902   41.1566   41.4633   41.9168  
159 -0.5   40.6984   40.6980   40.6988   40.6942   40.6940   40.6954   40.6835   40.6843   40.6956   40.6784   40.6845   40.7376  
159  0.0   40.7270   40.7119   40.7049   40.7168   40.7061   40.7026   40.7008   40.6957   40.7234   40.6892   40.6911   40.8026  
159  0.5   40.7716   40.7514   40.7282   40.7773   40.7433   40.7238   40.7711   40.7240   40.7569   40.7438   40.7648   40.7760  
160 -0.5   40.9540   40.9546   40.9566   40.9495   40.9502   40.9526   40.9378   40.9393   40.9525   40.9315   40.9386   41.0079  
160  0.0   40.9825   40.9644   40.9564   40.9693   40.9571   40.9534   40.9514   40.9458   40.9782   40.9389   40.9407   41.0784  
160  0.5   41.0495   41.0166   40.9859   41.0497   41.0037   40.9789   41.0394   40.9803   41.0208   41.0071   41.0304   41.0474  
161 -0.5   39.6985   39.6975   39.6973   39.6913   39.6905   39.6907   39.6773   39.6775   39.6857   39.6680   39.6725   39.7043  
161  0.0   39.7429   39.7207   39.7092   39.7261   39.7108   39.7042   39.7053   39.6975   39.7173   39.6906   39.6902   39.7596  
161  0.5   39.8230   39.7857   39.7492   39.8222   39.7696   39.7392   39.8105   39.7424   39.7555   39.7752   39.7639   39.7577  
162 -0.5   39.8367   39.8357   39.8355   39.8293   39.8285   39.8287   39.8152   39.8153   39.8236   39.8057   39.8103   39.8428  
162  0.0   39.8823   39.8595   39.8478   39.8650   39.8493   39.8426   39.8438   39.8359   39.8558   39.8289   39.8285   39.8996  
162  0.5   39.9659   39.9266   39.8889   39.9642   39.9098   39.8785   39.9520   39.8819   39.8950   39.9158   39.9036   39.8976  
163 -0.5   39.9182   39.9246   39.9465   39.8335   39.8465   39.8811   39.7646   39.7861   39.8386   39.7256   39.7581   39.8340  
163  0.0   40.0495   40.0115   39.9952   39.9397   39.9192   39.9234   39.8545   39.8503   39.8833   39.8069   39.8148   39.8860  
163  0.5   40.3212   40.2337   40.1523   40.2297   40.1277   40.0688   40.1319   40.0359   40.0289   40.0529   40.0145   40.0081  
164 -0.5   41.2483   41.2485   41.2495   41.2415   41.2418   41.2433   41.2279   41.2291   41.2461   41.2201   41.2291   41.3325  
164  0.0   41.2891   41.2653   41.2536   41.2702   41.2545   41.2485   41.2483   41.2410   41.2850   41.2336   41.2351   41.4172  
164  0.5   41.4002   41.3421   41.2969   41.3892   41.3200   41.2848   41.3710   41.2885   41.3471   41.3286   41.3599   41.3813  
165 -0.5   39.9924   39.9913   39.9909   39.9846   39.9838   39.9838   39.9702   39.9703   39.9786   39.9606   39.9651   39.9989  
165  0.0   40.0398   40.0162   40.0039   40.0216   40.0054   39.9984   39.9999   39.9916   40.0119   39.9846   39.9842   40.0581  
165  0.5   40.1302   40.0871   40.0471   40.1269   40.0689   40.0360   40.1134   40.0397   40.0528   40.0757   40.0619   40.0560  
166 -0.5   39.9864   40.0390   40.1689   39.9058   39.9737   40.1156   39.8413   39.9235   40.0796   39.8114   39.9073   40.0826  
166  0.0   40.0734   40.0866   40.1917   39.9800   40.0171   40.1406   39.9041   39.9618   40.1184   39.8626   39.9361   40.1394  
166  0.5   40.3173   40.2238   40.2215   40.2042   40.1324   40.1835   40.0981   40.0639   40.2035   40.0219   40.1031   40.2013  
167 -0.5   40.1695   40.1684   40.1677   40.1612   40.1603   40.1602   40.1463   40.1464   40.1548   40.1364   40.1411   40.1771  
167  0.0   40.2202   40.1950   40.1817   40.2004   40.1833   40.1757   40.1777   40.1690   40.1899   40.1619   40.1613   40.2400  
167  0.5   40.3224   40.2724   40.2286   40.3160   40.2517   40.2161   40.3003   40.2204   40.2337   40.2600   40.2435   40.2378  
168 -0.5   40.3724   40.3711   40.3700   40.3631   40.3620   40.3615   40.3475   40.3475   40.3561   40.3371   40.3418   40.3816  
168  0.0   40.4282   40.4006   40.3857   40.4060   40.3874   40.3787   40.3815   40.3721   40.3940   40.3647   40.3640   40.4502  
168  0.5   40.5506   40.4888   40.4385   40.5388   40.4640   40.4237   40.5195   40.4291   40.4427   40.4745   40.4537   40.4481  
169 -0.5   39.5837   39.5822   39.5806   39.5734   39.5721   39.5711   39.5565   39.5563   39.5638   39.5447   39.5489   39.5800  
169  0.0   39.6451   39.6150   39.5985   39.6206   39.6004   39.5906   39.5945   39.5841   39.6031   39.5766   39.5751   39.6445  
169  0.5   39.7772   39.7114   39.6569   39.7642   39.6842   39.6403   39.7435   39.6467   39.6532   39.6964   39.6645   39.6522  
170 -0.5   39.7366   39.7351   39.7333   39.7259   39.7245   39.7234   39.7087   39.7085   39.7160   39.6967   39.7010   39.7331  
170  0.0   39.8004   39.7692   39.7520   39.7748   39.7539   39.7436   39.7478   39.7371   39.7567   39.7295   39.7280   39.8000  
170  0.5   39.9428   39.8708   39.8132   39.9269   39.8416   39.7955   39.9043   39.8023   39.8088   39.8549   39.8206   39.8079  
171 -0.5   40.5955   40.5946   40.5937   40.5853   40.5845   40.5841   40.5685   40.5687   40.5781   40.5571   40.5624   40.6080  
171  0.0   40.6557   40.6245   40.6076   40.6296   40.6091   40.5993   40.6026   40.5924   40.6166   40.5844   40.5836   40.6802  
171  0.5   40.8099   40.7291   40.6687   40.7892   40.6976   40.6504   40.7638   40.6571   40.6721   40.7118   40.6847   40.6786  
172 -0.5   33.8691   33.8796   33.8831   36.0283   36.0386   36.0446   37.1858   37.1934   37.1971   38.4395   38.4442   38.4481  
172  0.0   31.7912   33.8671   34.2642   36.2128   36.3484   36.4075   37.4348   37.4910   37.5224   38.6959   38.7207   38.7484  
172  0.5  -30.0000  -30.0000  -30.0000   34.7149   36.1879   36.5791   36.4374   37.5933   37.7671   38.4388   38.8223   38.9362  
173 -0.5   39.9056   39.9039   39.9019   39.8943   39.8928   39.8913   39.8766   39.8763   39.8840   39.8645   39.8688   39.9025  
173  0.0   39.9728   39.9400   39.9217   39.9454   39.9236   39.9127   39.9173   39.9062   39.9266   39.8984   39.8968   39.9727  
173  0.5   40.1306   40.0493   39.9868   40.1102   40.0168   39.9675   40.0847   39.9749   39.9816   40.0317   39.9942   39.9809  
174 -0.5   40.3569   40.3643   40.3954   40.0786   40.0931   40.1598   39.7547   39.7901   39.9227   39.3743   39.4480   39.6896  
174  0.0   40.6790   40.7249   40.7834   40.3983   40.4276   40.4944   40.0278   40.0502   40.1498   39.6241   39.6392   39.7377  
174  0.5   40.2461   40.9163   41.1160   40.3990   40.7204   40.8367   40.2070   40.3937   40.4628   39.8697   39.9909   40.0307  
175 -0.5   40.0750   40.0732   40.0707   40.0630   40.0614   40.0596   40.0449   40.0445   40.0524   40.0326   40.0372   40.0726  
175  0.0   40.1456   40.1112   40.0917   40.1163   40.0936   40.0819   40.0869   40.0754   40.0970   40.0673   40.0658   40.1462  
175  0.5   40.3230   40.2292   40.1609   40.2964   40.1927   40.1397   40.2669   40.1477   40.1552   40.2095   40.1685   40.1545  
176 -0.5  -30.0000  -30.0000  -30.0000   33.5932   33.5986   33.5842   36.8973   36.9028   36.8886   38.7234   38.7272   38.7163  
176  0.0  -30.0000  -30.0000  -30.0000   33.4402   33.9477   33.9623   37.0961   37.1509   37.1542   38.8816   38.9081   38.9264  
176  0.5  -30.0000  -30.0000  -30.0000   30.8521   33.5257   33.8125   33.2756   37.1844   37.3173   38.5329   38.8789   38.9905  
177 -0.5   40.6657   40.6683   40.6532   40.6819   40.6835   40.6641   40.6649   40.6652   40.6419   40.5625   40.5617   40.5354  
177  0.0   41.0300   41.0884   41.1015   41.0787   41.1134   41.1093   41.0823   41.0991   41.0841   40.9928   41.0018   40.9797  
177  0.5   40.5596   41.2589   41.4198   40.9968   41.3807   41.4656   41.1548   41.4463   41.4781   41.2087   41.3955   41.4030  
178 -0.5   38.8765   38.8657   38.7046   39.9858   39.9713   39.7997   40.8525   40.8335   40.6561   41.3983   41.3779   41.2010  
178  0.0   39.1117   39.2701   39.1711   40.3344   40.4115   40.2652   41.3061   41.3124   41.1372   41.8971   41.8841   41.6995  
178  0.5   38.1109   39.1294   39.2839   39.5463   40.4300   40.5030   40.8523   41.5916   41.4864   41.9884   42.2455   42.0863  
179 -0.5   39.6408   39.6389   39.6361   39.6282   39.6265   39.6244   39.6097   39.6093   39.6169   39.5972   39.6016   39.6349  
179  0.0   39.7140   39.6784   39.6580   39.6834   39.6599   39.6477   39.6530   39.6412   39.6627   39.6329   39.6314   39.7085  
179  0.5   39.9034   39.8022   39.7303   39.8732   39.7632   39.7078   39.8413   39.7162   39.7222   39.7813   39.7360   39.7195  
180 -0.5   41.1222   41.1392   41.2159   40.8193   40.8461   40.9641   40.4864   40.5333   40.7143   40.0955   40.1827   40.5162  
180  0.0   41.4485   41.4789   41.5539   41.1469   41.1713   41.2630   40.7756   40.7949   40.9274   40.3297   40.3450   40.5626  
180  0.5   41.4462   41.8087   41.9346   41.4490   41.5943   41.6744   41.2280   41.3033   41.3445   40.8835   40.9091   40.9511  
181 -0.5   34.2115   34.2060   34.0834   37.6707   37.6683   37.5524   39.2622   39.2583   39.1448   40.4600   40.4560   40.3538  
181  0.0   33.1026   34.6288   34.5188   38.0200   38.0723   37.9543   39.6189   39.6345   39.5032   40.7880   40.7922   40.6698  
181  0.5  -30.0000  -30.0000  -30.0000   37.0828   38.1608   38.2172   38.9960   39.8612   39.7516   40.7497   40.9433   40.8291  
182 -0.5   41.4045   41.4068   41.3958   41.4283   41.4300   41.4138   41.4296   41.4307   41.4095   41.4004   41.4005   41.3747  
182  0.0   41.7602   41.8037   41.8189   41.8207   41.8440   41.8431   41.8396   41.8553   41.8397   41.8257   41.8346   41.8083  
182  0.5   41.3428   41.9609   42.1235   41.7921   42.1331   42.1935   41.9848   42.2206   42.2301   42.1005   42.2446   42.2314  
183 -0.5   40.7688   40.8019   40.5916   40.9860   41.0134   40.7655   41.0946   41.1171   40.8533   41.0628   41.0825   40.8133  
183  0.0   41.1216   41.2616   41.0725   41.4089   41.5014   41.2495   41.5654   41.6209   41.3373   41.5520   41.5933   41.2942  
183  0.5   40.6778   41.3794   41.3096   41.2612   41.7256   41.5539   41.6015   41.9757   41.7139   41.7792   42.0115   41.7053  
184 -0.5   39.4997   39.4962   39.4261   39.5192   39.5139   39.4328   39.5055   39.4984   39.4105   39.4058   39.3975   39.3060  
184  0.0   39.8403   39.9034   39.8633   39.8997   39.9328   39.8656   39.9094   39.9211   39.8379   39.8232   39.8256   39.7335  
184  0.5   39.0800   39.9968   40.1310   39.6553   40.1494   40.1812   39.8680   40.2362   40.1999   39.9657   40.1941   40.1273  
185 -0.5   38.5830   38.5254   38.1418   40.2318   40.1666   39.7653   41.2326   41.1600   40.7448   41.7084   41.6335   41.2210  
185  0.0   38.6731   38.8001   38.4962   40.4331   40.4691   40.1065   41.5261   41.4815   41.0801   42.0269   41.9606   41.5516  
185  0.5   37.8890   38.6671   38.5842   39.7558   40.4480   40.2966   41.1813   41.6801   41.3337   42.1140   42.1661   41.7812  
186 -0.5   41.0271   40.9546   40.7815   40.7568   40.6890   40.5498   40.4517   40.4037   40.3707   40.1712   40.1830   40.7206  
186  0.0   41.9952   41.8873   41.6445   41.7294   41.5905   41.3560   41.3171   41.2024   41.1889   40.9010   40.8353   41.4871  
186  0.5   42.3943   42.5291   42.2725   42.3548   42.3403   41.9602   42.0487   41.9344   41.7790   41.6221   41.6384   41.6953  
187 -0.5   40.9651   40.7401   40.1041   41.1650   40.9119   40.2215   41.2618   40.9985   40.2876   41.2208   40.9519   40.2517  
187  0.0   41.3572   41.1827   40.4878   41.6178   41.3793   40.6033   41.7584   41.4795   40.6611   41.7358   41.4388   40.6021  
187  0.5   41.1473   41.2926   40.6797   41.5790   41.5739   40.8491   41.8673   41.8021   40.9676   42.0128   41.8045   40.9353  
188 -0.5   42.6865   42.4901   42.0877   42.4937   42.2663   41.8763   42.2592   42.0408   41.7960   42.0553   41.9260   41.9670  
188  0.0   43.1644   42.9160   42.4030   43.0299   42.6941   42.1508   42.8032   42.4189   42.0898   42.5031   42.1679   42.2519  
188  0.5   43.3704   43.1803   42.6426   43.3142   43.0192   42.3901   43.2198   42.8332   42.4510   43.0355   42.7003   42.3661  
189 -0.5   40.3553   40.2968   40.1690   40.0741   40.0209   39.9279   39.7415   39.7084   39.6939   39.3835   39.3883   39.7157  
189  0.0   41.3210   41.2420   41.0772   41.0606   40.9522   40.8054   40.6418   40.5595   40.4632   40.2081   40.1415   41.0875  
189  0.5   41.5248   41.8664   41.7593   41.5958   41.7211   41.5106   41.3378   41.3400   41.3089   40.9357   40.9328   41.3863  
190 -0.5   40.3639   40.3630   40.3242   40.3876   40.3855   40.3362   40.3884   40.3853   40.3296   40.3585   40.3547   40.2972  
190  0.0   40.7063   40.7544   40.7424   40.7751   40.7983   40.7614   40.7986   40.8104   40.7572   40.7856   40.7901   40.7284  
190  0.5   40.0861   40.8664   41.0147   40.6448   41.0571   41.0872   40.8797   41.1573   41.1302   41.0214   41.1876   41.1367  
191 -0.5   40.4407   40.3664   39.7693   41.2565   41.1722   40.5606   41.6303   41.5411   40.9248   41.7385   41.6465   41.0322  
191  0.0   40.7493   40.7439   40.1763   41.6034   41.5587   40.9565   42.0283   41.9456   41.3236   42.1540   42.0532   41.4287  
191  0.5   40.5497   40.9158   40.4134   41.5389   41.7605   41.2348   42.1588   42.2603   41.6645   42.4088   42.4000   41.7878  
192 -0.5   39.4128   39.0372   38.2165   40.2175   39.8309   39.0017   40.5945   40.2063   39.3717   40.6582   40.2728   39.4371  
192  0.0   39.9998   39.7161   38.9517   40.8889   40.5426   39.7379   41.3556   40.9589   40.1265   41.4525   41.0455   40.2049  
192  0.5   40.3136   40.1803   39.5325   41.1520   41.0660   40.4072   41.8367   41.6751   40.9001   42.1337   41.8306   41.0205  
193 -0.5   41.2827   41.2814   41.2501   41.0582   41.0730   41.1043   40.9147   40.9699   41.1995   40.9183   41.0785   41.4246  
193  0.0   41.3332   41.3771   41.3554   41.0585   41.0907   41.1321   40.7573   40.8376   41.4695   40.5745   40.8400   41.6863  
193  0.5   41.0801   41.3645   41.4655   40.9037   41.1094   41.2133   40.6545   40.7939   41.8601   40.3765   41.8780   41.7550  
194 -0.5   40.5395   39.9657   38.8856   41.3448   40.7550   39.6676   41.7130   41.1217   40.0301   41.8128   41.2272   40.1387  
194  0.0   40.8412   40.3241   39.2908   41.6855   41.1210   40.0610   42.1027   41.5034   40.4265   42.2084   41.6059   40.5346  
194  0.5   40.6418   40.4278   39.5199   41.5674   41.2527   40.3310   42.1596   41.7634   40.7613   42.3795   41.8985   40.8918  
195 -0.5   40.1308   39.5312   38.6795   40.0182   39.3847   38.5697   39.7307   39.1077   38.4265   39.3579   38.7831   38.3505  
195  0.0   40.8145   40.2677   39.4058   40.7616   40.1432   39.2632   40.5107   39.8667   39.0280   40.1448   39.5195   38.7970  
195  0.5   41.4171   40.9286   40.1107   41.3905   40.8371   39.9888   41.2203   40.6013   39.7487   40.8832   40.2426   39.4362  
196 -0.5   40.2094   40.1705   39.9975   39.9600   39.9421   39.8666   39.7694   39.8026   40.0581   39.7134   39.9075   40.4486  
196  0.0   40.2622   40.2716   40.1009   39.9901   39.9749   39.8926   39.6620   39.6862   40.4858   39.4133   39.6427   40.7335  
196  0.5   39.9290   40.1933   40.2047   39.7510   39.9502   39.9718   39.4822   39.6280   40.9480   39.1846   41.0159   40.8147  
197 -0.5   40.9785   40.5319   39.8189   40.8407   40.4389   39.7978   40.7895   40.4414   40.0503   40.8428   40.5182   40.2899  
197  0.0   41.5502   41.0141   40.2943   41.3353   40.8149   40.1807   41.1278   40.7000   40.5835   41.0353   40.6774   40.6933  
197  0.5   41.9051   41.3123   40.5846   41.6750   41.0686   40.4342   41.4282   40.8411   40.9777   41.1955   41.2609   40.7968  
198 -0.5   39.6997   38.7184   37.7324   39.5499   38.5651   37.6503   39.2640   38.3523   37.6014   38.9285   38.1824   37.6258  
198  0.0   40.3860   39.4325   38.4435   40.2842   39.2878   38.3082   40.0216   39.0361   38.1794   39.6714   38.8067   38.0499  
198  0.5   40.9712   40.1038   39.1580   40.8727   39.9765   39.0317   40.6695   39.7336   38.8551   40.3286   39.4685   38.6027  
