  1 -0.5  -20.5410  -20.5421  -20.3827  -20.1673  -20.1607  -20.0145  -19.9192  -19.9060  -19.8212  -19.7925  -19.7767  -19.7408  
  1  0.0  -20.5573  -20.5546  -20.4428  -20.2018  -20.1917  -20.0699  -19.9506  -19.9364  -19.8641  -19.8191  -19.8031  -19.7769  
  1  0.5  -20.6009  -20.5966  -20.5459  -20.2844  -20.2767  -20.1885  -20.0248  -20.0116  -19.9557  -19.8764  -19.8615  -19.8472  
  2 -0.5  -20.9940  -20.8214  -20.2802  -20.9607  -20.8273  -20.2501  -20.9471  -20.8414  -20.3377  -20.9582  -20.8615  -20.4587  
  2  0.0  -20.9896  -20.8092  -20.2733  -20.9519  -20.8127  -20.2351  -20.9372  -20.8263  -20.3209  -20.9493  -20.8453  -20.4422  
  2  0.5  -20.9845  -20.7828  -20.2427  -20.9336  -20.7785  -20.2169  -20.9100  -20.7874  -20.3173  -20.9156  -20.8008  -20.4540  
  3 -0.5  -24.0469  -25.9614  -27.7786  -24.1749  -26.1103  -27.9848  -24.3886  -26.4155  -28.3051  -24.7506  -26.7162  -28.5697  
  3  0.0  -23.7273  -25.8324  -27.7026  -23.8848  -26.0009  -27.9921  -24.1643  -26.3098  -28.3160  -24.5872  -26.6294  -28.6134  
  3  0.5  -23.3692  -25.6973  -27.5924  -23.5930  -25.8112  -27.8996  -23.9578  -26.1802  -28.2997  -24.4292  -26.5266  -28.6494  
  4 -0.5  -23.0662  -23.1003  -22.3060  -22.9836  -23.0737  -22.1739  -22.9487  -23.0795  -22.1019  -22.9238  -22.8346  -22.0684  
  4  0.0  -23.0659  -23.1176  -22.3530  -23.0004  -23.0855  -22.2050  -22.9834  -23.1155  -22.1367  -22.9799  -22.9509  -22.1130  
  4  0.5  -23.0841  -23.1648  -22.4152  -23.0258  -23.0989  -22.2573  -23.0179  -23.1362  -22.1932  -23.0201  -23.0402  -22.1695  
  5 -0.5  -23.4130  -23.3731  -23.4929  -22.8252  -22.7237  -22.9202  -22.1912  -22.0395  -22.1775  -21.7465  -21.5891  -21.7295  
  5  0.0  -23.0462  -22.9465  -23.1913  -22.2987  -22.1044  -22.4246  -21.7244  -21.4405  -21.7083  -21.4550  -21.1611  -21.4127  
  5  0.5  -23.1790  -23.0761  -23.1133  -22.4929  -22.1586  -22.2262  -21.9405  -21.4730  -21.5652  -21.6992  -21.2489  -21.3339  
  6 -0.5  -25.2056  -25.2193  -24.4908  -24.0405  -24.0222  -23.8030  -23.5062  -23.4546  -23.4193  -23.2302  -23.1532  -23.1427  
  6  0.0  -24.4898  -24.4962  -24.0360  -23.6910  -23.6249  -23.5824  -23.2878  -23.1124  -23.1403  -23.1024  -22.9029  -22.8934  
  6  0.5  -24.0358  -24.0349  -23.8386  -23.6314  -23.5212  -23.3730  -23.3057  -22.9990  -22.7674  -23.1362  -22.7988  -22.4557  
  7 -0.5  -26.0857  -26.1040  -25.2914  -24.7525  -24.7426  -24.3414  -24.0172  -23.9304  -23.8556  -23.6113  -23.4970  -23.5089  
  7  0.0  -25.2799  -25.3058  -24.6786  -24.1770  -24.1354  -23.9893  -23.6055  -23.4237  -23.4158  -23.3518  -23.1334  -23.0878  
  7  0.5  -24.6117  -24.6270  -24.2980  -23.9726  -23.8534  -23.6095  -23.5187  -23.1710  -22.9042  -23.3179  -22.9484  -22.5723  
  8 -0.5  -25.1554  -25.1695  -24.4822  -24.0563  -24.0335  -23.9061  -23.4967  -23.4152  -23.4160  -23.1343  -23.0264  -23.0541  
  8  0.0  -24.4730  -24.4787  -24.1383  -23.7388  -23.6497  -23.6364  -23.1808  -22.9641  -23.0096  -22.9328  -22.6947  -22.6982  
  8  0.5  -24.1449  -24.1387  -23.9966  -23.6951  -23.5073  -23.2815  -23.1688  -22.7726  -22.5678  -22.9481  -22.5447  -22.2712  
  9 -0.5  -22.5585  -22.5185  -22.3981  -22.3868  -22.3889  -22.2581  -22.3264  -22.3544  -22.2170  -22.3152  -22.3508  -22.2281  
  9  0.0  -22.5588  -22.5195  -22.4220  -22.3973  -22.3988  -22.2731  -22.3484  -22.3717  -22.2304  -22.3465  -22.3701  -22.2356  
  9  0.5  -22.5738  -22.5346  -22.4702  -22.4312  -22.4274  -22.3159  -22.4004  -22.4123  -22.2755  -22.4128  -22.4182  -22.2836  
 10 -0.5  -23.0454  -23.0262  -21.9182  -22.9806  -22.8136  -21.8373  -22.9473  -22.4421  -21.7998  -22.9294  -22.0602  -21.7921  
 10  0.0  -23.0608  -23.0733  -21.9618  -23.0053  -22.9022  -21.8664  -22.9933  -22.5748  -21.8342  -23.0000  -22.2044  -21.8372  
 10  0.5  -23.0884  -23.1332  -22.0168  -23.0335  -23.0241  -21.9129  -23.0287  -22.7474  -21.8880  -23.0397  -22.3415  -21.8929  
 11 -0.5  -30.0000  -30.0000  -30.0000  -30.0000  -30.0000  -29.3596  -26.3617  -26.3461  -26.1773  -24.2938  -24.2639  -24.2972  
 11  0.0  -30.0000  -30.0000  -30.0000  -29.8904  -29.9548  -29.1134  -26.1301  -26.0785  -25.9659  -24.2679  -24.2293  -24.2624  
 11  0.5  -30.0000  -30.0000  -30.0000  -29.6527  -29.7214  -29.0301  -26.0115  -25.9689  -25.8657  -24.2976  -24.2771  -24.2414  
 12 -0.5  -30.0000  -30.0000  -30.0000  -30.0000  -30.0000  -29.6582  -26.6578  -26.6416  -26.4733  -24.5643  -24.5358  -24.5732  
 12  0.0  -30.0000  -30.0000  -30.0000  -30.0000  -30.0000  -29.4141  -26.4295  -26.3763  -26.2642  -24.5013  -24.4680  -24.5153  
 12  0.5  -30.0000  -30.0000  -30.0000  -29.9568  -30.0000  -29.3333  -26.3143  -26.2701  -26.1656  -24.4969  -24.4848  -24.4725  
 13 -0.5  -22.2956  -22.2856  -22.1847  -22.1328  -22.1639  -22.0560  -22.0906  -22.1151  -22.0198  -22.0821  -22.0984  -22.0504  
 13  0.0  -22.2956  -22.2828  -22.1986  -22.1452  -22.1661  -22.0728  -22.1119  -22.1325  -22.0374  -22.1124  -22.1177  -22.0617  
 13  0.5  -22.3122  -22.2810  -22.2180  -22.1737  -22.2013  -22.1170  -22.1633  -22.1747  -22.0903  -22.1772  -22.1664  -22.1113  
 14 -0.5  -20.8782  -22.2444  -23.6319  -21.0493  -22.3550  -23.5961  -21.2074  -22.3833  -23.7520  -21.3461  -22.4880  -23.9348  
 14  0.0  -20.8351  -22.1875  -23.6035  -21.0027  -22.3244  -23.6168  -21.1541  -22.3433  -23.7871  -21.2830  -22.4506  -24.0137  
 14  0.5  -20.7279  -22.0960  -23.5481  -20.8860  -22.1797  -23.6210  -21.0192  -22.2589  -23.8186  -21.1282  -22.3894  -24.0658  
 15 -0.5  -22.0116  -22.0436  -21.9145  -21.8368  -21.8579  -21.7568  -21.7714  -21.7702  -21.7446  -21.7581  -21.7374  -21.8059  
 15  0.0  -22.0111  -22.0435  -21.9417  -21.8456  -21.8661  -21.7746  -21.7908  -21.7860  -21.7624  -21.7840  -21.7553  -21.8183  
 15  0.5  -22.0232  -22.0560  -21.9896  -21.8761  -21.8878  -21.8225  -21.8371  -21.8254  -21.8120  -21.8412  -21.8029  -21.8641  
 16 -0.5  -19.4672  -19.4753  -20.1422  -19.4844  -19.5000  -20.1937  -19.5150  -19.5385  -20.2399  -19.5534  -19.5951  -20.2931  
 16  0.0  -19.5805  -19.5688  -20.1722  -19.5922  -19.5867  -20.2154  -19.6323  -19.6333  -20.2692  -19.6788  -19.7030  -20.3361  
 16  0.5  -19.7568  -19.7367  -20.2040  -19.7615  -19.7452  -20.2469  -19.7818  -19.7748  -20.3117  -19.8004  -19.8131  -20.3849  
 17 -0.5  -30.0000  -30.0000  -29.0995  -27.2524  -27.2734  -26.7573  -25.0971  -25.0715  -24.9408  -23.6281  -23.5813  -23.5701  
 17  0.0  -30.0000  -30.0000  -28.5918  -26.5988  -26.5785  -26.1166  -24.5578  -24.4729  -24.3941  -23.4145  -23.3017  -23.2597  
 17  0.5  -29.6591  -29.6106  -28.5851  -26.0407  -26.0071  -25.5158  -24.2121  -24.0890  -23.9599  -23.3780  -23.1747  -22.8775  
 18 -0.5  -30.0000  -30.0000  -29.3959  -27.5464  -27.5674  -27.0536  -25.3907  -25.3652  -25.2337  -23.8926  -23.8476  -23.8369  
 18  0.0  -30.0000  -30.0000  -28.8893  -26.8937  -26.8730  -26.4133  -24.8423  -24.7591  -24.6738  -23.6469  -23.5469  -23.5089  
 18  0.5  -29.9578  -29.9085  -28.8835  -26.3378  -26.3032  -25.8103  -24.4317  -24.3260  -24.1919  -23.5955  -23.4175  -23.1409  
 19 -0.5  -23.1734  -23.0263  -23.1552  -22.9951  -23.0031  -23.2498  -22.9752  -23.0025  -23.3643  -22.9773  -23.0299  -23.4975  
 19  0.0  -22.8905  -22.7545  -23.0361  -22.7140  -22.7293  -23.1630  -22.6962  -22.7389  -23.3047  -22.7057  -22.7910  -23.4771  
 19  0.5  -22.6222  -22.5787  -22.9980  -22.5273  -22.5438  -23.1150  -22.4953  -22.5633  -23.2340  -22.4926  -22.6381  -23.3975  
 20 -0.5  -23.1937  -22.3199  -21.7752  -22.9059  -21.8475  -22.0031  -22.5026  -21.3706  -22.2623  -22.1353  -21.1924  -22.5594  
 20  0.0  -23.0287  -22.0783  -21.5864  -22.7593  -21.5869  -21.8250  -22.3472  -21.1686  -22.0842  -21.9504  -21.0535  -22.3391  
 20  0.5  -22.9008  -21.9485  -21.3993  -22.7071  -21.3274  -21.6265  -22.2332  -20.9945  -21.8374  -21.7539  -20.9383  -21.9219  
 21 -0.5  -23.5656  -23.2935  -23.3193  -23.2518  -23.2093  -23.3689  -23.1833  -23.2143  -23.4452  -23.1874  -23.2468  -23.5481  
 21  0.0  -23.2593  -23.0086  -23.0885  -22.9471  -22.9051  -23.1586  -22.8976  -22.9096  -23.2749  -22.9105  -22.9568  -23.4358  
 21  0.5  -23.0247  -22.9045  -22.9524  -22.8258  -22.7542  -23.0000  -22.7619  -22.7424  -23.1146  -22.7450  -22.7812  -23.2918  
 22 -0.5  -23.2012  -22.3175  -21.7840  -22.9037  -21.8483  -22.0167  -22.4964  -21.3744  -22.2834  -22.1301  -21.2026  -22.5896  
 22  0.0  -23.0130  -22.0706  -21.5921  -22.7431  -21.5823  -21.8394  -22.3310  -21.1670  -22.1135  -21.9382  -21.0616  -22.3988  
 22  0.5  -22.8739  -21.9387  -21.4023  -22.6859  -21.3190  -21.6365  -22.2109  -20.9893  -21.8706  -21.7364  -20.9435  -22.0315  
 23 -0.5  -23.2518  -22.3408  -21.8226  -22.9306  -21.8763  -22.0629  -22.5122  -21.4057  -22.3392  -22.1454  -21.2411  -22.6543  
 23  0.0  -23.0355  -22.0838  -21.6293  -22.7558  -21.6002  -21.8918  -22.3364  -21.1893  -22.1801  -21.9444  -21.0978  -22.4824  
 23  0.5  -22.8825  -21.9499  -21.4342  -22.6939  -21.3310  -21.6837  -22.2106  -21.0061  -21.9353  -21.7363  -20.9764  -22.1447  
 24 -0.5  -23.2711  -23.0458  -23.0725  -23.0456  -22.9241  -23.0534  -22.9747  -22.9188  -23.0978  -23.0164  -22.9911  -23.2641  
 24  0.0  -22.7707  -22.5257  -22.6533  -22.5307  -22.3721  -22.5743  -22.5065  -22.3832  -22.6260  -22.5941  -22.5289  -22.8861  
 24  0.5  -22.6432  -22.4819  -22.5026  -22.4135  -22.2570  -22.2601  -22.3605  -22.2439  -22.2503  -22.4007  -22.3914  -22.4902  
 25 -0.5  -23.4901  -23.2380  -23.2151  -23.2125  -23.0991  -23.2109  -23.1245  -23.0970  -23.3076  -23.1615  -23.1623  -23.5064  
 25  0.0  -22.8205  -22.5728  -22.6766  -22.5638  -22.4093  -22.5983  -22.5398  -22.4222  -22.6917  -22.6313  -22.5666  -22.9971  
 25  0.5  -22.6336  -22.4635  -22.4511  -22.4024  -22.2308  -22.2052  -22.3565  -22.2227  -22.2212  -22.4082  -22.3764  -22.4841  
 26 -0.5  -23.0194  -22.7825  -22.8295  -22.7840  -22.6450  -22.8116  -22.7159  -22.6376  -22.8762  -22.7737  -22.7231  -23.0901  
 26  0.0  -22.3953  -22.1496  -22.3550  -22.1654  -21.9839  -22.2582  -22.1572  -22.0006  -22.2937  -22.2772  -22.1794  -22.5756  
 26  0.5  -22.2962  -22.0822  -22.2517  -22.0526  -21.8340  -21.9758  -22.0203  -21.8344  -21.9331  -22.0987  -22.0367  -22.1642  
 27 -0.5  -24.8556  -24.8860  -24.6379  -23.5219  -23.5280  -23.5533  -22.4864  -22.4460  -22.5317  -21.8452  -21.7809  -21.9276  
 27  0.0  -24.5094  -24.5111  -24.3683  -23.2298  -23.1768  -23.2673  -22.2352  -22.1141  -22.2524  -21.7010  -21.5679  -21.7672  
 27  0.5  -24.5435  -24.5157  -24.3073  -23.4436  -23.2707  -23.1134  -22.4313  -22.1730  -22.1162  -21.9007  -21.6547  -21.6493  
 28 -0.5  -27.8233  -28.1763  -28.7883  -25.6904  -26.0097  -26.9571  -24.2483  -24.5184  -25.6098  -23.3821  -23.6372  -24.7846  
 28  0.0  -27.6275  -27.9413  -28.6798  -25.4724  -25.7284  -26.7725  -24.1329  -24.3081  -25.4418  -23.4392  -23.6209  -24.7264  
 28  0.5  -28.0191  -28.2405  -28.7498  -25.6890  -25.8219  -26.6880  -24.3581  -24.4004  -25.3883  -23.7147  -23.8071  -24.6651  
 29 -0.5  -27.4306  -27.3412  -27.5023  -25.3043  -25.1763  -25.6729  -23.8710  -23.6957  -24.3279  -23.0119  -22.8256  -23.5045  
 29  0.0  -27.2313  -27.0986  -27.3932  -25.0825  -24.8876  -25.4876  -23.7493  -23.4752  -24.1591  -23.0605  -22.7928  -23.4454  
 29  0.5  -27.6138  -27.3747  -27.4620  -25.2906  -24.9609  -25.4022  -23.9651  -23.5459  -24.1046  -23.3253  -22.9535  -23.3834  
 30 -0.5  -26.7109  -26.7417  -27.1397  -24.5767  -24.5724  -25.3068  -23.1340  -23.0835  -23.9579  -22.2682  -22.2068  -23.1322  
 30  0.0  -26.5154  -26.5034  -27.0318  -24.3590  -24.2876  -25.1227  -23.0187  -22.8687  -23.7905  -22.3248  -22.1828  -23.0755  
 30  0.5  -26.9080  -26.7924  -27.1023  -24.5761  -24.3718  -25.0386  -23.2443  -22.9508  -23.7376  -22.6006  -22.3574  -23.0158  
 31 -0.5  -25.1416  -25.1722  -24.9078  -23.7869  -23.7933  -23.7977  -22.7703  -22.7305  -22.8055  -22.1353  -22.0710  -22.1773  
 31  0.0  -24.7785  -24.7822  -24.5972  -23.4937  -23.4437  -23.5203  -22.5190  -22.3995  -22.5057  -21.9887  -21.8554  -21.9632  
 31  0.5  -24.7534  -24.7363  -24.4951  -23.6855  -23.5260  -23.3673  -22.7085  -22.4543  -22.3400  -22.1826  -21.9373  -21.8191  
 32 -0.5  -26.9423  -27.2953  -27.9073  -24.8094  -25.1287  -26.0761  -23.3673  -23.6374  -24.7288  -22.5012  -22.7563  -23.9038  
 32  0.0  -26.7465  -27.0603  -27.7988  -24.5914  -24.8474  -25.8915  -23.2519  -23.4271  -24.5609  -22.5585  -22.7402  -23.8458  
 32  0.5  -27.1381  -27.3595  -27.8688  -24.8080  -24.9409  -25.8070  -23.4772  -23.5194  -24.5074  -22.8342  -22.9266  -23.7847  
 33 -0.5  -27.4491  -27.3597  -27.5208  -25.3228  -25.1948  -25.6914  -23.8895  -23.7142  -24.3464  -23.0304  -22.8441  -23.5230  
 33  0.0  -27.2497  -27.1171  -27.4117  -25.1010  -24.9060  -25.5061  -23.7677  -23.4937  -24.1776  -23.0790  -22.8113  -23.4639  
 33  0.5  -27.6323  -27.3932  -27.4805  -25.3091  -24.9794  -25.4207  -23.9836  -23.5644  -24.1231  -23.3437  -22.9719  -23.4018  
 34 -0.5  -29.9148  -30.0000  -30.0000  -27.8301  -29.4052  -30.0000  -26.3732  -27.9198  -29.4309  -25.4267  -26.9693  -28.5742  
 34  0.0  -29.3420  -30.0000  -30.0000  -27.2370  -28.7409  -30.0000  -25.8806  -27.3220  -28.8808  -25.1041  -26.5398  -28.1100  
 34  0.5  -29.2576  -30.0000  -30.0000  -26.9908  -28.3462  -29.5993  -25.6707  -26.9539  -28.3407  -24.9807  -26.2778  -27.5685  
 35 -0.5  -26.9572  -27.1570  -28.0281  -24.8865  -25.0496  -26.2517  -23.4617  -23.5740  -24.9515  -22.5506  -22.6341  -24.0959  
 35  0.0  -26.3571  -26.5277  -27.5333  -24.2686  -24.3801  -25.6773  -22.9333  -22.9687  -24.4008  -22.1728  -22.1914  -23.6319  
 35  0.5  -26.1961  -26.2971  -27.1214  -23.9553  -23.9719  -25.1173  -22.6566  -22.5862  -23.8606  -21.9750  -21.9141  -23.0927  
 36 -0.5  -23.2888  -23.0142  -22.8623  -22.9505  -22.7267  -22.9326  -22.6467  -22.6856  -23.0553  -22.6057  -22.7604  -23.2070  
 36  0.0  -22.9249  -22.6924  -22.6314  -22.5911  -22.4469  -22.7278  -22.3661  -22.3959  -22.8847  -22.3305  -22.4737  -23.0867  
 36  0.5  -22.7477  -22.6075  -22.5026  -22.4857  -22.2769  -22.5581  -22.2522  -22.2723  -22.6991  -22.1914  -22.3253  -22.9024  
 37 -0.5  -25.1771  -25.2201  -24.9497  -23.6277  -23.6389  -23.4830  -22.3843  -22.3504  -22.2960  -21.4845  -21.4241  -21.5180  
 37  0.0  -24.4952  -24.5047  -24.3177  -22.9632  -22.9171  -22.8524  -21.7933  -21.6742  -21.6932  -21.0247  -20.8964  -21.2016  
 37  0.5  -24.4627  -24.4166  -24.0686  -22.9244  -22.7591  -22.5068  -21.7706  -21.5199  -21.4502  -21.0634  -20.8414  -21.1315  
 38 -0.5  -29.6582  -30.0000  -30.0000  -29.2227  -30.0000  -30.0000  -28.9239  -30.0000  -30.0000  -28.7385  -30.0000  -30.0000  
 38  0.0  -29.1203  -30.0000  -30.0000  -28.4348  -30.0000  -30.0000  -28.0768  -30.0000  -30.0000  -27.9776  -30.0000  -30.0000  
 38  0.5  -28.7562  -30.0000  -30.0000  -28.0944  -30.0000  -30.0000  -27.8619  -30.0000  -30.0000  -27.8588  -30.0000  -30.0000  
 39 -0.5  -25.4867  -25.5297  -25.2578  -23.9334  -23.9448  -23.7694  -22.6895  -22.6561  -22.5981  -21.7950  -21.7346  -21.7987  
 39  0.0  -24.8030  -24.8128  -24.6171  -23.2606  -23.2160  -23.1456  -22.1017  -21.9832  -21.9764  -21.3350  -21.2045  -21.3886  
 39  0.5  -24.7555  -24.7137  -24.3476  -23.2154  -23.0558  -22.8024  -22.0779  -21.8279  -21.6863  -21.3726  -21.1450  -21.2728  
 40 -0.5  -21.5983  -21.5983  -21.4149  -21.4194  -21.4009  -21.2838  -21.3481  -21.3249  -21.2687  -21.3292  -21.3086  -21.2587  
 40  0.0  -21.5963  -21.5970  -21.4405  -21.4264  -21.4094  -21.2979  -21.3630  -21.3411  -21.2862  -21.3475  -21.3282  -21.2830  
 40  0.5  -21.6043  -21.6080  -21.4927  -21.4518  -21.4351  -21.3355  -21.4020  -21.3816  -21.3259  -21.3967  -21.3781  -21.3359  
 41 -0.5  -24.2425  -24.3932  -25.4537  -23.0431  -23.1808  -24.6477  -22.3618  -22.5178  -24.1656  -22.0410  -22.1804  -23.9252  
 41  0.0  -23.9795  -24.0971  -25.2979  -22.7566  -22.8774  -24.4217  -22.1356  -22.2684  -23.9353  -21.9325  -22.0245  -23.7389  
 41  0.5  -24.1947  -24.2559  -25.3229  -22.8539  -22.9510  -24.2598  -22.2891  -22.2955  -23.7189  -22.0697  -22.0779  -23.4758  
 42 -0.5  -23.7758  -23.9304  -25.0109  -22.5792  -22.7374  -24.2154  -21.9213  -22.0867  -23.7403  -21.6129  -21.7602  -23.5103  
 42  0.0  -23.5129  -23.6387  -24.8238  -22.3019  -22.4079  -23.9553  -21.7014  -21.8046  -23.4808  -21.4718  -21.5746  -23.2933  
 42  0.5  -23.7358  -23.7749  -24.8077  -22.4097  -22.4448  -23.7708  -21.7944  -21.8197  -23.2517  -21.6015  -21.6178  -23.0185  
 43 -0.5  -29.7135  -29.7569  -28.6391  -27.5491  -27.5697  -26.7834  -25.9069  -25.8969  -25.5112  -25.1294  -25.1074  -24.9888  
 43  0.0  -28.9041  -28.9467  -27.9656  -26.7062  -26.7247  -26.0016  -25.3316  -25.3200  -25.1509  -24.9132  -24.8883  -24.8084  
 43  0.5  -28.0986  -28.1446  -27.3460  -25.8739  -25.8865  -25.4967  -25.0584  -25.0382  -24.9645  -24.7089  -24.6881  -24.6327  
 44 -0.5  -25.8794  -26.5183  -27.7507  -24.7006  -25.3182  -26.8080  -24.0367  -24.6151  -26.3049  -23.7710  -24.3257  -26.1322  
 44  0.0  -25.2539  -25.8623  -27.1782  -24.0483  -24.6198  -26.1606  -23.4148  -23.9350  -25.6627  -23.2200  -23.7244  -25.5123  
 44  0.5  -25.0247  -25.5620  -26.6776  -23.6742  -24.1776  -25.5473  -23.0035  -23.5290  -25.0478  -22.8264  -23.3420  -24.8431  
 45 -0.5  -25.5351  -25.4345  -26.4615  -24.3565  -24.2366  -25.5480  -23.6998  -23.5534  -25.0578  -23.4388  -23.2697  -24.8750  
 45  0.0  -24.9077  -24.7751  -25.8991  -23.7064  -23.5434  -24.9638  -23.1014  -22.9128  -24.5102  -22.9224  -22.7215  -24.3582  
 45  0.5  -24.6758  -24.4623  -25.4018  -23.3467  -23.0941  -24.3188  -22.7321  -22.4658  -23.8671  -22.5566  -22.3042  -23.6918  
 46 -0.5  -24.7343  -24.9269  -26.1049  -23.5550  -23.7397  -25.2165  -22.8984  -23.0773  -24.7361  -22.6373  -22.7936  -24.5471  
 46  0.0  -24.1080  -24.2714  -25.5482  -22.9062  -23.0533  -24.6350  -22.3024  -22.4594  -24.1907  -22.1253  -22.2833  -24.0466  
 46  0.5  -23.8791  -23.9666  -25.0453  -22.5497  -22.6165  -23.9643  -21.9382  -22.0084  -23.5145  -21.7659  -21.8610  -23.3427  
 47 -0.5  -25.0494  -25.6885  -26.9221  -23.8713  -24.4917  -25.9899  -23.2145  -23.7983  -25.4915  -22.9523  -23.5091  -25.3149  
 47  0.0  -24.4240  -25.0333  -26.3565  -23.2246  -23.8083  -25.3885  -22.6276  -23.1713  -24.9125  -22.4526  -22.9671  -24.7545  
 47  0.5  -24.1988  -24.7395  -25.8927  -22.8786  -23.4502  -24.8424  -22.2949  -22.8298  -24.3468  -22.1268  -22.6404  -24.1409  
 48 -0.5  -25.5296  -25.4290  -26.4560  -24.3510  -24.2312  -25.5431  -23.6946  -23.5487  -25.0534  -23.4342  -23.2653  -24.8705  
 48  0.0  -24.9022  -24.7695  -25.8935  -23.7009  -23.5378  -24.9587  -23.0959  -22.9080  -24.5059  -22.9177  -22.7176  -24.3545  
 48  0.5  -24.6702  -24.4567  -25.3960  -23.3410  -23.0884  -24.3117  -22.7253  -22.4587  -23.8605  -22.5497  -22.2982  -23.6861  
 49 -0.5  -23.6790  -23.6614  -23.7480  -23.2663  -23.2249  -23.2253  -22.9601  -22.8664  -22.7901  -22.8139  -22.6713  -22.6687  
 49  0.0  -23.3049  -23.2728  -23.4235  -22.8478  -22.7781  -22.8141  -22.5607  -22.4234  -22.3756  -22.4669  -22.2819  -22.2775  
 49  0.5  -23.3528  -23.2540  -23.2476  -22.7954  -22.6496  -22.5234  -22.4749  -22.2576  -22.0778  -22.3765  -22.1136  -21.9664  
 50 -0.5  -23.9127  -23.8927  -23.9677  -23.5285  -23.4907  -23.4893  -23.2345  -23.1460  -23.0668  -23.0917  -22.9548  -22.9396  
 50  0.0  -23.5662  -23.5351  -23.6749  -23.1261  -23.0590  -23.0889  -22.8446  -22.7106  -22.6468  -22.7516  -22.5701  -22.5310  
 50  0.5  -23.6085  -23.5159  -23.5085  -23.0735  -22.9315  -22.7955  -22.7585  -22.5448  -22.3273  -22.6603  -22.4009  -22.1861  
 51 -0.5  -26.0339  -27.9610  -29.0768  -25.3407  -27.2399  -28.5936  -24.9105  -26.7657  -28.3001  -24.7274  -26.5496  -28.2382  
 51  0.0  -25.7070  -27.5889  -28.7437  -24.9626  -26.8083  -28.1689  -24.5759  -26.3560  -27.8668  -24.4906  -26.2226  -27.8152  
 51  0.5  -26.0162  -27.7702  -28.6063  -25.0606  -26.7658  -27.8759  -24.6287  -26.2761  -27.5240  -24.5453  -26.1327  -27.4054  
 52 -0.5  -22.5535  -22.6068  -23.1716  -21.8590  -21.8973  -22.8200  -21.4534  -21.4807  -22.6016  -21.2983  -21.3068  -22.5721  
 52  0.0  -22.2073  -22.2220  -22.8283  -21.4586  -21.4484  -22.3839  -21.0875  -21.0542  -22.1810  -21.0161  -20.9670  -22.1929  
 52  0.5  -22.4610  -22.3661  -22.6774  -21.4979  -21.3753  -22.0550  -21.0762  -20.9375  -21.8506  -21.0006  -20.8646  -21.8584  
 53 -0.5  -25.5852  -26.9846  -28.9965  -25.0684  -26.4254  -28.3759  -24.6568  -25.9724  -27.9425  -24.4194  -25.7240  -27.7742  
 53  0.0  -24.8621  -26.2299  -28.3064  -24.3315  -25.6462  -27.6228  -23.9713  -25.2156  -27.1870  -23.8223  -25.0414  -27.0346  
 53  0.5  -24.8387  -26.1152  -27.9911  -24.2173  -25.4208  -27.1761  -23.8441  -24.9789  -26.7008  -23.6930  -24.8050  -26.4905  
 54 -0.5  -22.5154  -22.9471  -24.9424  -21.9562  -22.4165  -24.4205  -21.5460  -22.0529  -24.0409  -21.3226  -21.8382  -23.8695  
 54  0.0  -21.7838  -22.1921  -24.2564  -21.2097  -21.6312  -23.6880  -20.8502  -21.3225  -23.3345  -20.7150  -21.2185  -23.2118  
 54  0.5  -21.7300  -22.0711  -23.9274  -21.0621  -21.4174  -23.1868  -20.6911  -21.0682  -22.8214  -20.5560  -20.9837  -22.6732  
 55 -0.5  -26.5302  -27.0148  -28.1751  -25.4335  -25.9245  -27.2080  -24.5894  -25.1058  -26.5098  -24.0097  -24.4950  -25.9558  
 55  0.0  -25.6269  -26.1237  -27.3933  -24.5281  -25.0261  -26.4181  -23.6925  -24.2488  -25.7578  -23.1126  -23.6868  -25.2789  
 55  0.5  -25.0046  -25.5357  -26.9353  -23.9015  -24.4414  -25.9225  -23.0927  -23.6782  -25.3390  -22.5493  -23.1843  -24.9842  
 56 -0.5  -23.4013  -24.1373  -24.5465  -23.4677  -24.0286  -24.7380  -23.6109  -23.8632  -24.9592  -23.8075  -23.7388  -25.1744  
 56  0.0  -22.6158  -23.4606  -24.2713  -22.6353  -23.4769  -24.4535  -22.8266  -23.4622  -24.6374  -23.1261  -23.4360  -24.7797  
 56  0.5  -22.3349  -23.2363  -24.3397  -22.3265  -23.2489  -24.4477  -22.5159  -23.3139  -24.5929  -22.8280  -23.3773  -24.6603  
 57 -0.5  -22.9720  -23.1451  -23.4063  -23.0128  -23.1725  -23.5628  -23.1563  -23.1049  -23.8195  -23.3780  -22.9772  -24.0990  
 57  0.0  -22.1799  -22.4420  -23.1596  -22.1958  -22.5082  -23.3230  -22.3733  -22.5391  -23.5415  -22.6701  -22.5451  -23.7706  
 57  0.5  -21.9236  -22.1978  -23.2089  -21.8784  -22.2355  -23.3196  -22.0468  -22.3167  -23.4907  -22.3479  -22.4052  -23.6462  
 58 -0.5  -22.2101  -22.6796  -23.0936  -22.2625  -22.6870  -23.2818  -22.4157  -22.5566  -23.5644  -22.6404  -22.4593  -23.8684  
 58  0.0  -21.4352  -22.0536  -22.8980  -21.4763  -22.1093  -23.0861  -21.6529  -22.1095  -23.3246  -21.9437  -22.1429  -23.5791  
 58  0.5  -21.2055  -21.8261  -22.9571  -21.1756  -21.8594  -23.0814  -21.3477  -21.9381  -23.2643  -21.6460  -22.0620  -23.4461  
 59 -0.5  -22.6208  -23.3642  -23.8126  -22.6901  -23.2969  -24.0359  -22.8485  -23.1611  -24.2903  -23.0601  -23.0807  -24.5360  
 59  0.0  -21.8483  -22.7443  -23.6103  -21.9122  -22.7982  -23.8510  -22.1011  -22.8055  -24.0341  -22.3905  -22.8148  -24.2084  
 59  0.5  -21.6707  -22.5611  -23.7443  -21.6802  -22.6385  -23.8976  -21.8488  -22.6791  -24.0181  -22.1325  -22.7535  -24.1205  
 60 -0.5  -22.9196  -23.0957  -23.3654  -22.9623  -23.1268  -23.5307  -23.1073  -23.0626  -23.7899  -23.3296  -22.9384  -24.0697  
 60  0.0  -22.1311  -22.3989  -23.1347  -22.1517  -22.4653  -23.3320  -22.3282  -22.5004  -23.5499  -22.6238  -22.5083  -23.7723  
 60  0.5  -21.8743  -22.1550  -23.2032  -21.8299  -22.2000  -23.3537  -22.0006  -22.2823  -23.5149  -22.3035  -22.3694  -23.6607  
 61 -0.5  -24.0520  -23.9364  -23.6648  -24.0866  -23.8326  -23.5126  -23.8915  -23.6519  -23.4286  -23.7220  -23.5895  -23.4146  
 61  0.0  -23.0466  -22.9986  -22.9776  -23.2032  -23.1100  -22.9358  -23.3446  -23.1266  -22.8001  -23.3802  -23.1112  -22.7423  
 61  0.5  -22.6665  -22.5641  -22.5513  -22.8397  -22.6982  -22.6150  -23.0978  -22.8484  -22.4329  -23.2001  -22.8322  -22.2731  
 62 -0.5  -23.4638  -23.3826  -23.1792  -23.5568  -23.3462  -23.0564  -23.4480  -23.2043  -22.9714  -23.3040  -23.1426  -22.9512  
 62  0.0  -22.7264  -22.6664  -22.6086  -22.8926  -22.7692  -22.4857  -23.0235  -22.7548  -22.3161  -23.0188  -22.6840  -22.2543  
 62  0.5  -22.5754  -22.4429  -22.3220  -22.7028  -22.4956  -22.1985  -22.8910  -22.5453  -21.9527  -22.8833  -22.4180  -21.7941  
 63 -0.5  -23.2427  -23.1687  -22.9814  -23.3429  -23.1732  -22.8717  -23.3111  -23.0645  -22.7742  -23.2259  -22.9724  -22.7462  
 63  0.0  -22.5544  -22.4975  -22.4197  -22.7164  -22.6129  -22.2674  -22.8872  -22.6005  -22.0941  -22.9404  -22.4905  -22.0465  
 63  0.5  -22.3778  -22.2514  -22.1251  -22.5065  -22.3250  -21.9767  -22.7364  -22.3658  -21.7388  -22.7750  -22.2207  -21.5992  
 64 -0.5  -27.5632  -29.6082  -30.0000  -26.3609  -28.3690  -30.0000  -25.3202  -27.2924  -29.1509  -24.6077  -26.5733  -28.5332  
 64  0.0  -27.2507  -29.2745  -30.0000  -26.0389  -28.0108  -29.8251  -25.0770  -26.9929  -28.8929  -24.4853  -26.4044  -28.3380  
 64  0.5  -27.3238  -29.2934  -30.0000  -26.0173  -27.9144  -29.6319  -25.0936  -26.9259  -28.7368  -24.5628  -26.4186  -28.1929  
 65 -0.5  -28.3489  -30.0000  -30.0000  -27.1474  -29.1539  -30.0000  -26.1078  -28.0776  -29.9361  -25.3966  -27.3588  -29.3187  
 65  0.0  -28.0359  -30.0000  -30.0000  -26.8249  -28.7956  -30.0000  -25.8638  -27.7780  -29.6779  -25.2728  -27.1897  -29.1233  
 65  0.5  -28.1080  -30.0000  -30.0000  -26.8024  -28.6989  -30.0000  -25.8793  -27.7107  -29.5217  -25.3489  -27.2035  -28.9780  
 66 -0.5  -21.2364  -20.7424  -21.6825  -20.7156  -20.4706  -21.6374  -20.3121  -20.3117  -21.7146  -20.1800  -20.2850  -21.8173  
 66  0.0  -21.1396  -20.7879  -21.8174  -20.6601  -20.5875  -21.7857  -20.3342  -20.3801  -21.9055  -20.2073  -20.3537  -22.0547  
 66  0.5  -21.0039  -20.9898  -22.0476  -20.7579  -20.6366  -22.1087  -20.4201  -20.5155  -22.3170  -20.2459  -20.5504  -22.5594  
 67 -0.5  -23.6079  -25.5570  -27.3090  -23.5461  -25.4812  -27.3021  -23.7263  -25.5639  -27.3149  -24.0266  -25.6045  -27.2604  
 67  0.0  -23.2601  -25.2007  -27.0464  -23.1818  -25.1162  -26.9967  -23.3693  -25.2599  -26.9863  -23.6868  -25.4455  -26.8800  
 67  0.5  -23.2590  -25.1324  -26.8720  -23.1309  -24.9969  -26.7597  -23.3255  -25.1577  -26.7385  -23.6544  -25.3996  -26.5669  
 68 -0.5  -22.9218  -24.8649  -26.6167  -22.8589  -24.7893  -26.6106  -23.0395  -24.8729  -26.6241  -23.3413  -24.9147  -26.5703  
 68  0.0  -22.5732  -24.5084  -26.3543  -22.4941  -24.4242  -26.3064  -22.6820  -24.5692  -26.2986  -23.0003  -24.7567  -26.1948  
 68  0.5  -22.5713  -24.4400  -26.1800  -22.4424  -24.3058  -26.0701  -22.6383  -24.4688  -26.0551  -22.9691  -24.7146  -25.8924  
 69 -0.5  -27.0355  -29.0330  -30.0000  -26.2350  -28.2173  -29.4958  -25.8868  -27.8446  -29.2144  -25.7850  -27.6917  -29.0612  
 69  0.0  -26.5711  -28.5719  -29.7660  -25.7726  -27.7561  -29.1018  -25.4246  -27.3852  -28.8215  -25.3251  -27.2434  -28.6862  
 69  0.5  -26.1686  -28.1771  -29.5306  -25.3766  -27.3652  -28.8620  -25.0175  -26.9896  -28.5968  -24.9001  -26.8397  -28.4925  
 70 -0.5  -21.2573  -21.1157  -20.9579  -21.3399  -21.0989  -21.1453  -21.3654  -21.0634  -21.3973  -21.4023  -21.1334  -21.7775  
 70  0.0  -20.7988  -20.6667  -20.7948  -20.8636  -20.6869  -20.9465  -20.9134  -20.7020  -21.1654  -21.0357  -20.8090  -21.5204  
 70  0.5  -20.6158  -20.4481  -20.7704  -20.6174  -20.4269  -20.8475  -20.6486  -20.4616  -21.0243  -20.7686  -20.6005  -21.3363  
 71 -0.5  -21.5639  -21.4188  -21.1041  -21.6428  -21.3877  -21.2793  -21.6544  -21.3255  -21.5438  -21.6691  -21.3686  -21.9265  
 71  0.0  -21.1057  -20.9685  -20.9100  -21.1679  -20.9777  -21.0592  -21.2087  -20.9723  -21.2850  -21.3103  -21.0569  -21.6443  
 71  0.5  -20.9210  -20.7417  -20.8694  -20.9212  -20.7089  -20.9448  -20.9418  -20.7271  -21.1248  -21.0381  -20.8432  -21.4386  
 72 -0.5  -23.4120  -23.6726  -23.1080  -23.4989  -23.8133  -23.1336  -23.5860  -23.9269  -23.1451  -23.6477  -23.9628  -23.2348  
 72  0.0  -23.4205  -23.6623  -23.1367  -23.5114  -23.8009  -23.1480  -23.5849  -23.9133  -23.1731  -23.6578  -23.9637  -23.2634  
 72  0.5  -23.3951  -23.6026  -23.1784  -23.4675  -23.7654  -23.2097  -23.5375  -23.8568  -23.2693  -23.6339  -23.9306  -23.3549  
 73 -0.5  -25.3370  -27.2636  -28.4645  -24.1222  -26.0324  -27.5359  -23.4769  -25.3675  -27.1639  -23.2690  -25.1220  -27.0660  
 73  0.0  -24.5078  -26.4121  -27.7007  -23.2541  -25.1376  -26.6896  -22.6236  -24.4802  -26.2784  -22.4380  -24.2607  -26.1567  
 73  0.5  -24.3034  -26.1461  -27.3314  -22.8895  -24.7101  -26.2123  -22.2349  -24.0314  -25.7375  -22.0360  -23.8035  -25.5595  
 74 -0.5  -24.9901  -26.8971  -28.0970  -23.7748  -25.6664  -27.1689  -23.1298  -25.0019  -26.7972  -22.9224  -24.7567  -26.6992  
 74  0.0  -24.1604  -26.0453  -27.3330  -22.9062  -24.7713  -26.3224  -22.2759  -24.1144  -25.9116  -22.0906  -23.8950  -25.7898  
 74  0.5  -23.9543  -25.7786  -26.9634  -22.5401  -24.3433  -25.8450  -21.8856  -23.6650  -25.3707  -21.6870  -23.4371  -25.1928  
 75 -0.5  -27.0899  -29.0156  -30.0000  -25.8413  -27.7419  -29.2054  -24.7312  -26.5872  -28.3237  -24.0730  -25.9166  -27.8795  
 75  0.0  -26.7412  -28.6521  -30.0000  -25.4939  -27.3693  -28.9069  -24.4397  -26.2590  -28.0257  -23.8459  -25.6574  -27.5727  
 75  0.5  -26.7054  -28.5789  -30.0000  -25.4072  -27.2309  -28.7270  -24.3763  -26.1450  -27.8379  -23.7882  -25.5602  -27.3289  
 76 -0.5  -23.1591  -23.3830  -22.9118  -23.2508  -23.5388  -22.9334  -23.3374  -23.6400  -22.9731  -23.4086  -23.6757  -23.1143  
 76  0.0  -23.1702  -23.3808  -22.9398  -23.2547  -23.5292  -22.9465  -23.3272  -23.6283  -22.9939  -23.4204  -23.6877  -23.1296  
 76  0.5  -23.1338  -23.3408  -22.9782  -23.2015  -23.4974  -23.0027  -23.2806  -23.5906  -23.0725  -23.4092  -23.6809  -23.1915  
 77 -0.5  -30.0000  -30.0000  -30.0000  -30.0000  -30.0000  -30.0000  -30.0000  -30.0000  -30.0000  -30.0000  -30.0000  -30.0000  
 77  0.0  -30.0000  -30.0000  -30.0000  -30.0000  -30.0000  -30.0000  -29.5722  -30.0000  -30.0000  -29.3906  -30.0000  -30.0000  
 77  0.5  -30.0000  -30.0000  -30.0000  -29.8041  -30.0000  -30.0000  -29.1616  -30.0000  -30.0000  -28.9647  -30.0000  -30.0000  
 78 -0.5  -29.5836  -30.0000  -30.0000  -28.3902  -30.0000  -30.0000  -27.7602  -29.7109  -30.0000  -27.5600  -29.4737  -30.0000  
 78  0.0  -28.7450  -30.0000  -30.0000  -27.5139  -29.4571  -30.0000  -26.8962  -28.8145  -30.0000  -26.7149  -28.5990  -30.0000  
 78  0.5  -28.5104  -30.0000  -30.0000  -27.1264  -29.0087  -30.0000  -26.4843  -28.3444  -30.0000  -26.2875  -28.1182  -29.8678  
 79 -0.5  -30.0000  -30.0000  -30.0000  -30.0000  -30.0000  -30.0000  -30.0000  -30.0000  -30.0000  -30.0000  -30.0000  -30.0000  
 79  0.0  -30.0000  -30.0000  -30.0000  -30.0000  -30.0000  -30.0000  -30.0000  -30.0000  -30.0000  -29.8758  -30.0000  -30.0000  
 79  0.5  -30.0000  -30.0000  -30.0000  -30.0000  -30.0000  -30.0000  -29.6456  -30.0000  -30.0000  -29.4487  -30.0000  -30.0000  
 80 -0.5  -22.8491  -22.9378  -22.6994  -22.9374  -23.0696  -22.7092  -23.0188  -23.1558  -22.8053  -23.1148  -23.2202  -23.0027  
 80  0.0  -22.8559  -22.9342  -22.7255  -22.9288  -23.0556  -22.7256  -23.0108  -23.1480  -22.8217  -23.1456  -23.2468  -23.0119  
 80  0.5  -22.8156  -22.9001  -22.7573  -22.8849  -23.0228  -22.7755  -22.9884  -23.1313  -22.8803  -23.1718  -23.2729  -23.0512  
 81 -0.5  -22.9273  -22.9296  -22.6871  -22.7459  -22.7082  -22.5715  -22.6676  -22.6242  -22.5844  -22.6500  -22.6076  -22.5869  
 81  0.0  -22.9240  -22.9281  -22.7132  -22.7502  -22.7177  -22.5793  -22.6796  -22.6383  -22.5923  -22.6624  -22.6233  -22.6025  
 81  0.5  -22.9274  -22.9413  -22.7682  -22.7734  -22.7359  -22.6063  -22.7131  -22.6754  -22.6102  -22.7049  -22.6702  -22.6414  
 82 -0.5  -28.5368  -30.0000  -30.0000  -28.7758  -30.0000  -30.0000  -29.1226  -30.0000  -30.0000  -29.2346  -30.0000  -30.0000  
 82  0.0  -28.3678  -30.0000  -30.0000  -28.5563  -30.0000  -30.0000  -28.8011  -30.0000  -30.0000  -29.0056  -30.0000  -30.0000  
 82  0.5  -28.0540  -30.0000  -30.0000  -28.6659  -30.0000  -30.0000  -29.0468  -30.0000  -30.0000  -29.2112  -30.0000  -30.0000  
 83 -0.5  -30.0000  -30.0000  -30.0000  -27.5482  -29.5106  -30.0000  -25.7173  -27.6304  -29.3126  -24.3097  -26.2054  -28.1022  
 83  0.0  -30.0000  -30.0000  -30.0000  -27.1941  -29.1284  -30.0000  -25.4522  -27.3218  -29.0834  -24.1808  -26.0463  -27.9515  
 83  0.5  -30.0000  -30.0000  -30.0000  -27.0727  -28.9533  -30.0000  -25.4133  -27.2233  -28.9741  -24.2439  -26.0690  -27.8652  
 84 -0.5  -30.0000  -30.0000  -30.0000  -27.1010  -29.0633  -30.0000  -25.2701  -27.1832  -28.8654  -23.8625  -25.7582  -27.6550  
 84  0.0  -30.0000  -30.0000  -30.0000  -26.7469  -28.6812  -30.0000  -25.0050  -26.8746  -28.6362  -23.7336  -25.5990  -27.5043  
 84  0.5  -29.9299  -30.0000  -30.0000  -26.6254  -28.5061  -30.0000  -24.9661  -26.7761  -28.5268  -23.7967  -25.6217  -27.4180  
 85 -0.5  -23.5052  -23.3962  -22.8452  -23.5535  -23.4650  -22.8178  -23.5953  -23.5488  -22.8811  -23.6289  -23.6170  -23.0104  
 85  0.0  -23.4674  -23.3551  -22.8579  -23.5107  -23.4160  -22.8297  -23.5478  -23.4966  -22.9027  -23.5828  -23.5818  -23.0466  
 85  0.5  -23.3727  -23.2489  -22.8778  -23.4121  -23.3052  -22.8731  -23.4388  -23.3744  -22.9716  -23.4761  -23.4763  -23.1275  
 86 -0.5  -23.3339  -23.2589  -22.6644  -23.3778  -23.3185  -22.6572  -23.4140  -23.3878  -22.7467  -23.4428  -23.4490  -22.9088  
 86  0.0  -23.2977  -23.2214  -22.6776  -23.3371  -23.2743  -22.6699  -23.3699  -23.3434  -22.7670  -23.4035  -23.4243  -22.9400  
 86  0.5  -23.2086  -23.1268  -22.6982  -23.2452  -23.1759  -22.7141  -23.2719  -23.2390  -22.8349  -23.3073  -23.3412  -23.0174  
 87 -0.5  -23.1196  -22.9890  -22.2157  -23.1306  -22.8974  -21.9831  -23.1266  -22.7048  -21.7531  -23.0996  -22.4417  -21.5716  
 87  0.0  -23.1043  -22.9759  -22.2871  -23.1119  -22.9020  -22.0619  -23.1035  -22.7092  -21.8396  -23.0693  -22.4576  -21.6431  
 87  0.5  -23.0630  -22.9552  -22.4208  -23.0740  -22.8861  -22.2412  -23.0598  -22.7378  -22.0597  -23.0143  -22.5290  -21.8764  
 88 -0.5  -23.0514  -22.9024  -22.1226  -23.0610  -22.8170  -21.8911  -23.0564  -22.6323  -21.6604  -23.0290  -22.3722  -21.4775  
 88  0.0  -23.0373  -22.8898  -22.1936  -23.0439  -22.8217  -21.9694  -23.0354  -22.6368  -21.7467  -23.0017  -22.3890  -21.5490  
 88  0.5  -22.9992  -22.8688  -22.3266  -23.0087  -22.8053  -22.1475  -22.9948  -22.6636  -21.9659  -22.9500  -22.4590  -21.7820  
 89 -0.5  -24.8483  -26.7781  -28.2301  -24.8697  -26.6789  -28.0699  -25.0597  -26.5757  -27.9492  -25.2204  -26.4031  -27.8522  
 89  0.0  -24.4813  -26.4286  -28.0116  -24.4897  -26.3875  -27.7874  -24.7102  -26.4198  -27.6075  -25.0169  -26.3327  -27.4627  
 89  0.5  -24.3502  -26.2573  -27.8611  -24.3229  -26.1982  -27.6503  -24.5495  -26.2967  -27.4270  -24.8869  -26.2845  -27.1815  
 90 -0.5  -25.2698  -27.1992  -28.6507  -25.2913  -27.0998  -28.4902  -25.4813  -26.9962  -28.3694  -25.6413  -26.8235  -28.2724  
 90  0.0  -24.9027  -26.8498  -28.4323  -24.9113  -26.8086  -28.2077  -25.1318  -26.8405  -28.0276  -25.4384  -26.7530  -27.8828  
 90  0.5  -24.7714  -26.6783  -28.2819  -24.7443  -26.6193  -28.0708  -24.9708  -26.7175  -27.8472  -25.3082  -26.7047  -27.6016  
 91 -0.5  -22.7348  -22.8297  -22.1657  -22.7583  -22.8727  -22.2043  -22.8360  -22.8966  -22.3502  -22.9202  -22.8937  -22.5746  
 91  0.0  -22.7325  -22.8200  -22.2193  -22.7651  -22.8627  -22.2389  -22.8431  -22.8855  -22.3715  -22.9154  -22.8784  -22.5899  
 91  0.5  -22.7217  -22.7833  -22.3159  -22.7586  -22.8340  -22.3162  -22.8446  -22.8623  -22.4286  -22.9076  -22.8570  -22.6230  
 92 -0.5  -23.4197  -23.1269  -22.4882  -23.4733  -23.1826  -22.5166  -23.5116  -23.2505  -22.6415  -23.5311  -23.3192  -22.8397  
 92  0.0  -23.3794  -23.0863  -22.5010  -23.4270  -23.1366  -22.5300  -23.4601  -23.2067  -22.6603  -23.4810  -23.2968  -22.8660  
 92  0.5  -23.2819  -22.9816  -22.5214  -23.3216  -23.0303  -22.5744  -23.3438  -23.0995  -22.7264  -23.3614  -23.2202  -22.9339  
 93 -0.5  -22.6140  -22.7386  -22.0522  -22.6456  -22.7756  -22.1150  -22.7303  -22.7750  -22.2892  -22.8080  -22.7654  -22.5236  
 93  0.0  -22.6143  -22.7303  -22.1042  -22.6566  -22.7671  -22.1477  -22.7382  -22.7661  -22.3078  -22.8038  -22.7525  -22.5391  
 93  0.5  -22.6083  -22.7015  -22.1980  -22.6528  -22.7418  -22.2197  -22.7421  -22.7516  -22.3589  -22.7981  -22.7348  -22.5689  
 94 -0.5  -22.6223  -24.3890  -26.5479  -22.5167  -24.3150  -26.4103  -22.3822  -24.2116  -26.2338  -22.2848  -24.1254  -26.1426  
 94  0.0  -22.2571  -24.0853  -26.4000  -22.1410  -24.0102  -26.1136  -22.0280  -23.8989  -25.8824  -21.9752  -23.8267  -25.7795  
 94  0.5  -22.1767  -24.0055  -26.2817  -22.0177  -23.8824  -25.8917  -21.8894  -23.7444  -25.6264  -21.8298  -23.6640  -25.4967  
 95 -0.5  -22.4198  -22.3879  -22.0418  -22.4955  -22.4640  -22.0565  -22.5892  -22.5334  -22.2502  -22.7380  -22.6161  -22.5119  
 95  0.0  -22.4101  -22.3729  -22.0676  -22.4820  -22.4463  -22.0718  -22.5937  -22.5289  -22.2588  -22.7936  -22.6520  -22.5170  
 95  0.5  -22.3806  -22.3390  -22.0944  -22.4605  -22.4164  -22.1054  -22.6104  -22.5295  -22.2867  -22.8528  -22.6903  -22.5304  
 96 -0.5  -22.4774  -22.6257  -21.9308  -22.5189  -22.6584  -22.0236  -22.6063  -22.6262  -22.2239  -22.6748  -22.6247  -22.4615  
 96  0.0  -22.4809  -22.6185  -21.9805  -22.5342  -22.6514  -22.0539  -22.6139  -22.6197  -22.2401  -22.6714  -22.6140  -22.4777  
 96  0.5  -22.4803  -22.5966  -22.0696  -22.5334  -22.6294  -22.1191  -22.6198  -22.6136  -22.2855  -22.6681  -22.6001  -22.5060  
 97 -0.5  -22.1940  -22.0672  -21.6160  -22.5115  -22.3569  -21.8486  -22.8869  -22.3580  -22.1747  -23.4049  -21.9990  -22.5398  
 97  0.0  -21.6816  -21.5527  -21.2982  -22.0008  -21.8545  -21.5841  -22.4072  -22.0708  -21.9567  -22.9238  -21.9185  -22.3687  
 97  0.5  -21.4755  -21.2831  -21.1723  -21.7735  -21.5576  -21.4533  -22.1852  -21.8285  -21.8244  -22.7113  -21.8496  -22.2298  
 98 -0.5  -23.1648  -24.9315  -27.0907  -23.0592  -24.8578  -26.9530  -22.9245  -24.7544  -26.7756  -22.8275  -24.6671  -26.6836  
 98  0.0  -22.7996  -24.6279  -26.9438  -22.6836  -24.5564  -26.6576  -22.5707  -24.4431  -26.4233  -22.5195  -24.3668  -26.3172  
 98  0.5  -22.7217  -24.5551  -26.8291  -22.5639  -24.4382  -26.4417  -22.4444  -24.2944  -26.1706  -22.3779  -24.2024  -26.0309  
 99 -0.5  -22.4469  -22.3136  -21.7674  -22.7661  -22.5876  -21.9526  -23.1429  -22.4541  -22.2470  -23.6569  -22.0391  -22.5885  
 99  0.0  -21.8924  -21.7622  -21.4055  -22.2157  -22.0610  -21.6714  -22.6266  -22.1988  -22.0268  -23.1540  -21.9598  -22.4190  
 99  0.5  -21.6334  -21.4428  -21.2459  -21.9429  -21.7186  -21.5298  -22.3707  -21.9456  -21.8975  -22.9044  -21.8990  -22.2889  
100 -0.5  -23.4765  -23.5162  -23.0054  -23.5234  -23.5703  -22.9654  -23.5335  -23.6078  -22.9642  -23.5379  -23.6108  -23.0254  
100  0.0  -23.4410  -23.4851  -23.0364  -23.4806  -23.5497  -23.0190  -23.4901  -23.6129  -23.0282  -23.5288  -23.6279  -23.0901  
100  0.5  -23.3568  -23.4187  -23.0771  -23.3926  -23.5107  -23.1016  -23.4403  -23.5780  -23.1508  -23.4833  -23.5984  -23.2170  
101 -0.5  -23.1713  -24.9380  -27.0972  -23.0657  -24.8643  -26.9595  -22.9310  -24.7609  -26.7821  -22.8340  -24.6736  -26.6901  
101  0.0  -22.8061  -24.6345  -26.9504  -22.6901  -24.5629  -26.6641  -22.5773  -24.4496  -26.4298  -22.5260  -24.3733  -26.3237  
101  0.5  -22.7282  -24.5616  -26.8356  -22.5704  -24.4447  -26.4482  -22.4509  -24.3009  -26.1771  -22.3844  -24.2089  -26.0374  
102 -0.5  -22.3500  -22.5165  -21.8273  -22.4026  -22.5430  -21.9543  -22.4846  -22.4728  -22.1715  -22.5429  -22.4933  -22.4165  
102  0.0  -22.3574  -22.5101  -21.8746  -22.4209  -22.5375  -21.9824  -22.4918  -22.4638  -22.1871  -22.5422  -22.4878  -22.4307  
102  0.5  -22.3686  -22.4935  -21.9572  -22.4282  -22.5192  -22.0414  -22.5106  -22.4633  -22.2314  -22.5437  -22.4829  -22.4605  
103 -0.5  -23.2061  -22.9864  -22.2861  -23.2589  -23.0278  -22.3706  -23.2926  -23.0712  -22.5396  -23.3047  -23.1277  -22.7700  
103  0.0  -23.1668  -22.9481  -22.2997  -23.2142  -22.9862  -22.3849  -23.2436  -23.0343  -22.5565  -23.2591  -23.1186  -22.7922  
103  0.5  -23.0728  -22.8532  -22.3215  -23.1135  -22.8897  -22.4284  -23.1326  -22.9491  -22.6201  -23.1465  -23.0763  -22.8558  
104 -0.5  -22.8803  -23.4870  -24.3572  -22.9481  -23.1095  -24.4427  -22.7880  -22.9964  -24.6930  -22.4689  -22.9528  -24.9327  
104  0.0  -22.6742  -23.4555  -24.1304  -22.8269  -23.2242  -24.0712  -22.9383  -22.9734  -24.2803  -22.9032  -22.8560  -24.4728  
104  0.5  -22.5999  -23.5296  -24.0135  -22.7692  -23.2974  -23.8620  -22.9687  -23.0274  -24.0415  -23.0940  -22.8314  -24.2088  
105 -0.5  -23.5136  -24.1762  -25.0502  -23.5689  -23.7951  -25.1196  -23.3767  -23.6646  -25.3595  -23.0383  -23.5926  -25.6052  
105  0.0  -23.3433  -24.1452  -24.8207  -23.4897  -23.9092  -24.7472  -23.5844  -23.6233  -24.9300  -23.5189  -23.4549  -25.1109  
105  0.5  -23.2826  -24.2203  -24.6986  -23.4489  -23.9616  -24.5362  -23.6287  -23.6456  -24.7015  -23.7140  -23.4070  -24.8371  
106 -0.5  -22.1674  -22.3461  -21.6557  -22.2290  -22.3553  -21.8131  -22.2956  -22.2770  -22.0336  -22.3397  -22.2923  -22.2951  
106  0.0  -22.1792  -22.3394  -21.7024  -22.2465  -22.3534  -21.8411  -22.3006  -22.2639  -22.0488  -22.3388  -22.3004  -22.3096  
106  0.5  -22.1918  -22.3265  -21.7792  -22.2537  -22.3377  -21.8958  -22.3088  -22.2500  -22.0919  -22.3408  -22.3107  -22.3266  
107 -0.5  -25.7880  -27.9061  -30.0000  -25.9876  -28.0659  -30.0000  -26.2034  -28.6169  -30.0000  -26.4499  -28.7385  -30.0000  
107  0.0  -24.9424  -27.1296  -30.0000  -25.1349  -27.6608  -30.0000  -25.3347  -27.9875  -30.0000  -25.6204  -27.9898  -30.0000  
107  0.5  -24.3242  -27.0088  -30.0000  -24.6492  -27.5419  -30.0000  -24.9399  -27.6109  -30.0000  -25.2503  -27.6071  -30.0000  
108 -0.5  -21.9169  -22.0476  -21.1552  -21.9733  -21.9931  -21.3462  -22.0129  -21.9738  -21.5816  -22.0399  -21.8477  -21.8581  
108  0.0  -21.9431  -22.0592  -21.2122  -21.9960  -22.0182  -21.3833  -22.0315  -21.9891  -21.6093  -22.0594  -21.9328  -21.8866  
108  0.5  -21.9692  -22.0795  -21.2991  -22.0159  -22.0394  -21.4451  -22.0505  -22.0071  -21.6639  -22.0724  -22.0255  -21.9253  
109 -0.5  -24.1896  -26.1150  -27.5847  -23.1118  -25.0172  -26.7692  -22.5363  -24.4149  -26.3886  -22.2769  -24.1251  -26.2430  
109  0.0  -23.8753  -25.7778  -27.3311  -22.7869  -24.6582  -26.4429  -22.2544  -24.0864  -26.0500  -22.0647  -23.8724  -25.9142  
109  0.5  -23.9379  -25.7816  -27.2266  -22.7733  -24.5722  -26.2231  -22.2434  -24.0022  -25.7787  -22.0674  -23.8103  -25.5975  
110 -0.5  -30.0000  -30.0000  -30.0000  -30.0000  -30.0000  -30.0000  -29.9325  -30.0000  -30.0000  -29.7744  -30.0000  -30.0000  
110  0.0  -29.5982  -30.0000  -30.0000  -29.4940  -30.0000  -30.0000  -29.2226  -30.0000  -30.0000  -29.1948  -30.0000  -30.0000  
110  0.5  -28.7729  -30.0000  -30.0000  -29.0529  -30.0000  -30.0000  -29.0743  -30.0000  -30.0000  -29.1180  -30.0000  -30.0000  
111 -0.5  -22.9655  -22.8346  -22.1380  -23.0124  -22.8638  -22.2828  -23.0366  -22.8837  -22.4886  -23.0371  -22.9291  -22.7636  
111  0.0  -22.9277  -22.7982  -22.1540  -22.9703  -22.8267  -22.2975  -22.9923  -22.8533  -22.5035  -22.9999  -22.9308  -22.7779  
111  0.5  -22.8389  -22.7122  -22.1786  -22.8768  -22.7388  -22.3373  -22.8904  -22.7859  -22.5595  -22.8969  -22.9070  -22.8318  
112 -0.5  -23.4780  -23.5906  -23.4530  -23.6754  -23.7606  -23.1649  -23.8724  -23.8723  -23.0232  -24.1684  -23.9497  -23.1426  
112  0.0  -22.9827  -23.1211  -23.2795  -23.1368  -23.3141  -22.8282  -23.2958  -23.5055  -22.7824  -23.5886  -23.6678  -22.9985  
112  0.5  -22.7178  -22.8200  -23.2388  -22.7818  -23.0006  -22.8713  -22.8891  -23.1886  -22.6920  -23.1542  -23.0700  -22.8532  
113 -0.5  -26.2925  -29.8878  -30.0000  -26.3982  -29.7730  -30.0000  -26.4470  -30.0000  -30.0000  -26.5686  -30.0000  -30.0000  
113  0.0  -25.9804  -29.5865  -30.0000  -26.0517  -29.8657  -30.0000  -26.0506  -30.0000  -30.0000  -26.2481  -30.0000  -30.0000  
113  0.5  -25.5645  -29.6176  -30.0000  -25.9064  -30.0000  -30.0000  -26.1100  -30.0000  -30.0000  -26.3606  -30.0000  -30.0000  
114 -0.5  -23.9552  -25.8770  -27.3781  -23.7672  -25.6847  -27.3456  -23.9041  -25.7848  -27.4959  -24.2064  -25.9683  -27.6492  
114  0.0  -23.0718  -24.9842  -26.5301  -22.8524  -24.7625  -26.4448  -22.9869  -24.8750  -26.5743  -23.2947  -25.1254  -26.6919  
114  0.5  -22.7143  -24.5835  -26.0387  -22.3846  -24.2595  -25.8776  -22.4999  -24.3635  -25.9492  -22.8144  -24.6496  -25.9834  
115 -0.5  -30.0000  -30.0000  -30.0000  -30.0000  -30.0000  -30.0000  -30.0000  -30.0000  -30.0000  -30.0000  -30.0000  -30.0000  
115  0.0  -30.0000  -30.0000  -30.0000  -29.9071  -30.0000  -30.0000  -29.5542  -30.0000  -30.0000  -29.4587  -30.0000  -30.0000  
115  0.5  -30.0000  -30.0000  -30.0000  -29.5358  -30.0000  -30.0000  -29.3060  -30.0000  -30.0000  -29.3061  -30.0000  -30.0000  
116 -0.5  -22.7232  -22.7373  -22.5371  -22.5504  -22.5430  -22.4020  -22.4859  -22.4756  -22.3659  -22.4732  -22.4712  -22.3366  
116  0.0  -22.7190  -22.7349  -22.5623  -22.5548  -22.5507  -22.4139  -22.4960  -22.4899  -22.3783  -22.4829  -22.4869  -22.3531  
116  0.5  -22.7207  -22.7427  -22.6156  -22.5735  -22.5749  -22.4500  -22.5273  -22.5273  -22.4123  -22.5237  -22.5320  -22.3972  
117 -0.5  -28.2259  -30.0000  -30.0000  -27.0737  -29.0386  -30.0000  -26.0499  -27.9754  -29.6292  -25.4543  -27.3665  -29.2264  
117  0.0  -27.8307  -29.8133  -30.0000  -26.6836  -28.6335  -30.0000  -25.7009  -27.6055  -29.2912  -25.1433  -27.0378  -28.8739  
117  0.5  -27.6514  -29.6133  -30.0000  -26.4819  -28.4014  -29.8632  -25.5262  -27.4041  -29.0837  -24.9653  -26.8405  -28.6257  
118 -0.5  -27.4920  -29.4839  -30.0000  -26.3402  -28.3066  -29.6578  -25.3165  -27.2443  -28.8971  -24.7209  -26.6360  -28.4945  
118  0.0  -27.0966  -29.0801  -30.0000  -25.9499  -27.9013  -29.3267  -24.9675  -26.8740  -28.5588  -24.4100  -26.3066  -28.1417  
118  0.5  -26.9165  -28.8789  -30.0000  -25.7477  -27.6682  -29.1297  -24.7924  -26.6717  -28.3512  -24.2316  -26.1083  -27.8936  
119 -0.5  -21.7030  -21.7096  -21.0950  -21.7314  -21.6993  -21.2993  -21.7438  -21.6882  -21.5171  -21.7404  -21.3917  -21.7833  
119  0.0  -21.7290  -21.7255  -21.1465  -21.7474  -21.7116  -21.3380  -21.7574  -21.7441  -21.5503  -21.7554  -21.4833  -21.8108  
119  0.5  -21.7504  -21.7774  -21.2255  -21.7670  -21.7284  -21.3992  -21.7765  -21.8006  -21.6217  -21.7659  -21.6368  -21.8749  
120 -0.5  -23.5402  -23.4206  -22.5364  -23.5939  -23.4586  -22.5263  -23.6275  -23.4628  -22.5872  -23.6366  -23.4162  -22.7262  
120  0.0  -23.5040  -23.3845  -22.5466  -23.5524  -23.4162  -22.5467  -23.5809  -23.4165  -22.6284  -23.5925  -23.3834  -22.7899  
120  0.5  -23.4151  -23.2945  -22.5650  -23.4561  -23.3098  -22.6023  -23.4731  -23.3096  -22.7186  -23.4788  -23.2840  -22.8938  
121 -0.5  -24.7374  -26.7613  -28.0358  -23.8094  -25.8135  -27.3391  -23.3552  -25.3363  -27.0601  -23.1791  -25.1232  -26.9490  
121  0.0  -24.3442  -26.3566  -27.7215  -23.4127  -25.3996  -26.9689  -22.9788  -24.9368  -26.6715  -22.8359  -24.7610  -26.5600  
121  0.5  -24.1625  -26.1462  -27.5442  -23.2017  -25.1521  -26.7305  -22.7651  -24.6896  -26.3993  -22.6186  -24.5169  -26.2674  
122 -0.5  -24.2627  -26.2866  -27.5610  -23.3346  -25.3388  -26.8646  -22.8805  -24.8619  -26.5863  -22.7047  -24.6493  -26.4758  
122  0.0  -23.8695  -25.8818  -27.2468  -22.9380  -24.9248  -26.4948  -22.5042  -24.4629  -26.1992  -22.3620  -24.2888  -26.0897  
122  0.5  -23.6877  -25.6714  -27.0695  -22.7270  -24.6775  -26.2564  -22.2909  -24.2167  -25.9284  -22.1468  -24.0487  -25.8017  
123 -0.5  -23.1691  -23.1259  -22.6149  -23.2124  -23.1657  -22.4471  -23.2157  -23.1678  -22.5037  -23.1981  -23.1423  -22.6873  
123  0.0  -23.1357  -23.0951  -22.6358  -23.1715  -23.1358  -22.4533  -23.1744  -23.1359  -22.5122  -23.1653  -23.1268  -22.6972  
123  0.5  -23.0575  -23.0253  -22.6465  -23.0880  -23.0489  -22.5002  -23.0802  -23.0630  -22.5780  -23.0692  -23.0740  -22.7483  
124 -0.5  -23.3515  -23.3851  -24.1214  -23.4518  -22.9901  -23.9584  -23.2517  -22.7745  -24.0724  -22.9426  -22.7235  -24.2108  
124  0.0  -22.5881  -22.8567  -23.4860  -22.7579  -22.6271  -23.2787  -22.8034  -22.4168  -23.4511  -22.6825  -22.4094  -23.7178  
124  0.5  -22.1643  -22.6648  -23.1970  -22.3872  -22.4941  -23.0782  -22.5122  -22.3736  -23.2564  -22.4496  -22.3817  -23.4940  
125 -0.5  -25.6551  -26.5694  -27.4183  -25.7285  -26.1318  -27.1812  -25.4742  -25.8537  -27.2126  -24.9964  -25.7540  -27.2970  
125  0.0  -25.4810  -26.1838  -26.8687  -25.6073  -25.9134  -26.4857  -25.7308  -25.4979  -26.4163  -25.5869  -25.3002  -26.5096  
125  0.5  -25.1666  -25.8021  -26.3096  -25.3356  -25.4318  -25.9318  -25.4821  -25.0294  -25.6935  -25.4119  -24.7366  -25.6310  
126 -0.5  -25.9130  -26.8223  -27.6711  -25.9869  -26.3846  -27.4340  -25.7257  -26.1065  -27.4653  -25.2470  -26.0068  -27.5497  
126  0.0  -25.7466  -26.4365  -27.1214  -25.8745  -26.1660  -26.7382  -25.9907  -25.7502  -26.6687  -25.8383  -25.5524  -26.7619  
126  0.5  -25.4304  -26.0546  -26.5623  -25.5988  -25.6840  -26.1841  -25.7390  -25.2809  -25.9444  -25.6631  -24.9866  -25.8800  
127 -0.5  -24.1905  -26.1211  -27.5994  -24.0150  -25.9400  -27.5647  -24.1588  -26.0410  -27.7002  -24.4637  -26.2088  -27.8352  
127  0.0  -23.3010  -25.2236  -26.7490  -23.0946  -25.0148  -26.6637  -23.2352  -25.1311  -26.7793  -23.5456  -25.3749  -26.8782  
127  0.5  -22.9229  -24.8049  -26.2522  -22.6090  -24.4968  -26.0956  -22.7287  -24.6043  -26.1547  -23.0451  -24.8870  -26.1694  
128 -0.5  -30.0000  -30.0000  -30.0000  -30.0000  -30.0000  -30.0000  -30.0000  -30.0000  -30.0000  -30.0000  -30.0000  -30.0000  
128  0.0  -30.0000  -30.0000  -30.0000  -30.0000  -30.0000  -30.0000  -30.0000  -30.0000  -30.0000  -30.0000  -30.0000  -30.0000  
128  0.5  -30.0000  -30.0000  -30.0000  -30.0000  -30.0000  -30.0000  -30.0000  -30.0000  -30.0000  -30.0000  -30.0000  -30.0000  
129 -0.5  -30.0000  -30.0000  -30.0000  -29.2540  -30.0000  -30.0000  -27.2640  -29.1680  -30.0000  -25.5496  -27.4339  -29.5085  
129  0.0  -30.0000  -30.0000  -30.0000  -28.3552  -30.0000  -30.0000  -26.4614  -28.3387  -30.0000  -24.8682  -26.7471  -28.8521  
129  0.5  -30.0000  -30.0000  -30.0000  -27.8622  -29.7540  -30.0000  -26.0849  -27.9384  -29.7757  -24.6095  -26.4861  -28.5234  
130 -0.5  -23.9292  -25.5698  -27.0438  -23.9069  -25.3198  -26.9688  -24.0555  -25.0714  -26.9528  -24.1999  -25.0028  -26.9779  
130  0.0  -23.2123  -24.9880  -26.6951  -23.1920  -24.8786  -26.5765  -23.3882  -24.7851  -26.4956  -23.6643  -24.7473  -26.4273  
130  0.5  -22.7047  -24.4789  -26.2362  -22.6565  -24.4007  -26.1062  -22.8792  -24.4465  -26.0042  -23.2130  -24.4859  -25.8144  
131 -0.5  -22.4927  -22.4133  -21.5592  -22.5215  -22.4164  -21.7229  -22.5250  -22.3641  -22.0175  -22.5017  -22.2414  -22.3476  
131  0.0  -22.4636  -22.3841  -21.5797  -22.4892  -22.3830  -21.7372  -22.4933  -22.3281  -22.0262  -22.4811  -22.2227  -22.3586  
131  0.5  -22.3982  -22.3158  -21.6056  -22.4215  -22.3014  -21.7682  -22.4188  -22.2455  -22.0631  -22.4026  -22.1549  -22.3861  
132 -0.5  -30.0000  -30.0000  -30.0000  -29.0807  -30.0000  -30.0000  -27.0907  -28.9947  -30.0000  -25.3763  -27.2606  -29.3352  
132  0.0  -30.0000  -30.0000  -30.0000  -28.1819  -30.0000  -30.0000  -26.2881  -28.1654  -29.9933  -24.6949  -26.5738  -28.6788  
132  0.5  -30.0000  -30.0000  -30.0000  -27.6889  -29.5807  -30.0000  -25.9116  -27.7651  -29.6024  -24.4362  -26.3128  -28.3501  
133 -0.5  -22.3703  -22.7167  -23.5654  -22.3903  -22.2763  -23.3618  -22.0987  -22.0230  -23.4766  -21.8002  -22.0264  -23.6367  
133  0.0  -22.3274  -22.6172  -23.3557  -22.3770  -22.3331  -23.0644  -22.1409  -21.9884  -23.1441  -21.9371  -22.0027  -23.3751  
133  0.5  -22.3012  -22.6162  -23.2273  -22.3464  -22.1751  -22.9670  -21.9695  -21.9844  -22.9520  -21.6682  -22.0006  -23.1122  
134 -0.5  -24.1992  -25.6884  -27.6766  -23.9083  -25.5869  -27.6045  -23.6960  -25.4815  -27.4920  -23.6387  -25.4781  -27.5063  
134  0.0  -23.7717  -25.4300  -27.4513  -23.4496  -25.2474  -27.2182  -23.2512  -25.0978  -27.0268  -23.2398  -25.1017  -27.0113  
134  0.5  -23.6504  -25.3883  -27.3488  -23.2680  -25.0949  -26.9417  -23.0553  -24.8949  -26.6760  -23.0417  -24.8784  -26.5975  
135 -0.5  -22.8659  -23.2116  -24.0568  -22.8852  -22.7668  -23.8286  -22.5850  -22.4866  -23.9028  -22.2647  -22.4487  -24.0346  
135  0.0  -22.8227  -23.1106  -23.8417  -22.8686  -22.8176  -23.5041  -22.6078  -22.4137  -23.5175  -22.3624  -22.3631  -23.6998  
135  0.5  -22.7936  -23.1079  -23.7072  -22.8309  -22.6233  -23.3900  -22.3852  -22.3556  -23.2792  -22.0227  -22.2958  -23.3743  
136 -0.5  -30.0000  -30.0000  -30.0000  -30.0000  -30.0000  -30.0000  -30.0000  -30.0000  -30.0000  -30.0000  -30.0000  -30.0000  
136  0.0  -30.0000  -30.0000  -30.0000  -30.0000  -30.0000  -30.0000  -30.0000  -30.0000  -30.0000  -30.0000  -30.0000  -30.0000  
136  0.5  -30.0000  -30.0000  -30.0000  -30.0000  -30.0000  -30.0000  -30.0000  -30.0000  -30.0000  -30.0000  -30.0000  -30.0000  
137 -0.5  -24.9244  -26.3830  -27.7230  -24.7585  -25.9634  -27.6240  -24.5031  -25.7602  -27.5837  -24.1540  -25.7544  -27.5971  
137  0.0  -24.3819  -26.0262  -27.4171  -24.3690  -25.7189  -27.2114  -24.3553  -25.5025  -27.0717  -24.2537  -25.4447  -27.0006  
137  0.5  -23.7905  -25.5502  -27.0670  -23.8348  -25.3634  -26.8093  -23.9738  -25.2096  -26.5692  -24.0356  -25.1105  -26.3677  
138 -0.5  -21.1951  -20.8825  -20.7417  -21.1152  -20.7802  -20.8954  -21.0367  -20.6409  -21.0381  -21.0077  -20.5129  -21.2693  
138  0.0  -21.2051  -20.9414  -20.8017  -21.1221  -20.8536  -20.9517  -21.0522  -20.7065  -21.0878  -21.0209  -20.5812  -21.2943  
138  0.5  -21.2158  -21.0550  -20.8934  -21.1703  -20.9682  -21.0639  -21.1089  -20.8299  -21.2317  -21.0542  -20.7045  -21.4137  
139 -0.5  -24.5085  -25.9671  -27.3071  -24.3426  -25.5475  -27.2081  -24.0872  -25.3443  -27.1679  -23.7383  -25.3387  -27.1813  
139  0.0  -23.9660  -25.6103  -27.0012  -23.9531  -25.3030  -26.7956  -23.9395  -25.0869  -26.6561  -23.8383  -25.0296  -26.5851  
139  0.5  -23.3746  -25.1343  -26.6511  -23.4189  -24.9475  -26.3935  -23.5581  -24.7946  -26.1539  -23.6214  -24.6978  -25.9531  
140 -0.5  -23.1353  -23.0616  -22.1353  -23.1794  -23.0978  -22.1771  -23.2016  -23.0925  -22.3289  -23.1979  -23.0309  -22.5339  
140  0.0  -23.1040  -23.0301  -22.1504  -23.1429  -23.0621  -22.1981  -23.1624  -23.0533  -22.3640  -23.1650  -23.0025  -22.5888  
140  0.5  -23.0286  -22.9540  -22.1700  -23.0615  -22.9697  -22.2420  -23.0700  -22.9589  -22.4310  -23.0661  -22.9117  -22.6594  
141 -0.5  -24.5896  -25.3397  -26.3308  -24.4318  -24.9421  -26.3948  -23.7985  -24.8385  -26.6756  -23.5570  -24.7828  -26.9481  
141  0.0  -24.6886  -25.1540  -26.0073  -24.6912  -24.9207  -25.9875  -24.4511  -24.5537  -26.2230  -24.0821  -24.4018  -26.4479  
141  0.5  -24.6966  -25.1718  -25.8111  -24.7797  -24.7482  -25.7356  -24.6798  -24.4102  -25.9677  -24.3675  -24.2417  -26.1720  
142 -0.5  -24.3276  -25.0782  -26.0699  -24.1695  -24.6808  -26.1342  -23.5367  -24.5776  -26.4151  -23.2956  -24.5224  -26.6876  
142  0.0  -24.4267  -24.8920  -25.7461  -24.4283  -24.6588  -25.7272  -24.1879  -24.2932  -25.9631  -23.8201  -24.1441  -26.1878  
142  0.5  -24.4350  -24.9095  -25.5497  -24.5172  -24.4855  -25.4752  -24.4165  -24.1500  -25.7088  -24.1057  -23.9862  -25.9132  
143 -0.5  -22.8363  -22.7810  -22.0961  -22.8159  -22.7648  -22.0864  -22.7666  -22.7013  -22.2888  -22.6836  -22.5601  -22.5835  
143  0.0  -22.8022  -22.7550  -22.1101  -22.7773  -22.7321  -22.0961  -22.7212  -22.6611  -22.2979  -22.6424  -22.5302  -22.5949  
143  0.5  -22.7622  -22.7114  -22.1215  -22.7155  -22.6613  -22.1319  -22.6339  -22.5738  -22.3491  -22.5512  -22.4440  -22.6415  
144 -0.5  -23.8844  -25.8263  -27.8344  -23.8780  -25.8311  -27.6556  -23.8680  -25.8187  -27.5789  -23.9467  -25.8664  -27.5879  
144  0.0  -23.4636  -25.4080  -27.4530  -23.4545  -25.4088  -27.2533  -23.4547  -25.4021  -27.1680  -23.5480  -25.4681  -27.1764  
144  0.5  -23.2135  -25.1456  -27.1716  -23.1877  -25.1284  -26.9599  -23.1794  -25.1133  -26.8714  -23.2550  -25.1654  -26.8696  
145 -0.5  -23.5516  -23.5216  -24.3871  -23.5426  -23.1233  -24.1662  -23.1683  -22.8947  -24.2457  -22.8471  -22.8517  -24.3864  
145  0.0  -22.8908  -22.9130  -23.6857  -23.0015  -22.6879  -23.4179  -22.9725  -22.3948  -23.5285  -22.7148  -22.3973  -23.7942  
145  0.5  -22.4949  -22.6975  -23.3305  -22.6705  -22.3964  -23.1540  -22.7677  -22.2373  -23.2788  -22.6026  -22.3086  -23.5398  
146 -0.5  -23.9712  -25.9204  -27.6722  -23.9094  -25.8444  -27.6652  -24.0896  -25.9271  -27.6777  -24.3898  -25.9675  -27.6230  
146  0.0  -23.6234  -25.5641  -27.4096  -23.5451  -25.4794  -27.3595  -23.7325  -25.6230  -27.3483  -24.0500  -25.8083  -27.2414  
146  0.5  -23.6224  -25.4957  -27.2352  -23.4942  -25.3599  -27.1222  -23.6884  -25.5203  -27.0993  -24.0171  -25.7613  -26.9253  
147 -0.5  -23.3967  -25.3398  -27.0913  -23.3338  -25.2640  -27.0844  -23.5142  -25.3472  -27.0968  -23.8160  -25.3881  -27.0422  
147  0.0  -23.0481  -24.9833  -26.8287  -22.9689  -24.8987  -26.7788  -23.1564  -25.0428  -26.7676  -23.4744  -25.2287  -26.6607  
147  0.5  -23.0462  -24.9149  -26.6543  -22.9173  -24.7792  -26.5415  -23.1116  -24.9401  -26.5189  -23.4409  -25.1822  -26.3453  
148 -0.5  -27.4879  -29.4855  -30.0000  -26.6874  -28.6697  -29.9479  -26.3391  -28.2970  -29.6665  -26.2373  -28.1442  -29.5134  
148  0.0  -27.0235  -29.0244  -30.0000  -26.2249  -28.2084  -29.5531  -25.8768  -27.8374  -29.2730  -25.7773  -27.6958  -29.1380  
148  0.5  -26.6210  -28.6297  -29.9826  -25.8290  -27.8165  -29.3125  -25.4692  -27.4408  -29.0468  -25.3518  -27.2915  -28.9434  
149 -0.5  -23.7548  -25.7040  -27.4558  -23.6930  -25.6280  -27.4488  -23.8732  -25.7107  -27.4613  -24.1735  -25.7511  -27.4066  
149  0.0  -23.4070  -25.3477  -27.1932  -23.3287  -25.2631  -27.1432  -23.5162  -25.4067  -27.1319  -23.8337  -25.5921  -27.0251  
149  0.5  -23.4060  -25.2793  -27.0188  -23.2778  -25.1435  -26.9059  -23.4721  -25.3040  -26.8830  -23.8009  -25.5453  -26.7092  
150 -0.5  -23.6707  -25.6138  -27.3653  -23.6078  -25.5380  -27.3583  -23.7881  -25.6211  -27.3707  -24.0898  -25.6619  -27.3161  
150  0.0  -23.3221  -25.2573  -27.1027  -23.2429  -25.1727  -27.0527  -23.4303  -25.3165  -27.0414  -23.7482  -25.5022  -26.9345  
150  0.5  -23.3202  -25.1889  -26.9282  -23.1913  -25.0531  -26.8154  -23.3855  -25.2137  -26.7926  -23.7144  -25.4553  -26.6187  
151 -0.5  -24.5264  -26.4684  -28.4764  -24.5200  -26.4731  -28.2976  -24.5100  -26.4606  -28.2206  -24.5886  -26.5082  -28.2295  
151  0.0  -24.1056  -26.0500  -28.0950  -24.0965  -26.0508  -27.8951  -24.0966  -26.0439  -27.8093  -24.1898  -26.1094  -27.8171  
151  0.5  -23.8555  -25.7876  -27.8136  -23.8297  -25.7704  -27.6017  -23.8212  -25.7547  -27.5122  -23.8962  -25.8056  -27.5089  
152 -0.5  -23.4670  -23.2420  -22.7007  -23.4373  -23.1731  -22.7253  -23.3578  -23.1019  -22.8404  -23.2996  -22.9403  -23.0403  
152  0.0  -23.4569  -23.2363  -22.7429  -23.4206  -23.1837  -22.7518  -23.3507  -23.1040  -22.8540  -23.2939  -22.9160  -23.0483  
152  0.5  -23.4364  -23.2278  -22.8140  -23.4179  -23.1731  -22.8282  -23.3550  -23.1196  -22.9108  -23.2847  -22.9522  -23.0841  
153 -0.5  -24.1747  -25.7954  -27.7098  -24.1215  -25.7587  -27.8554  -24.0467  -25.8363  -27.9749  -24.0563  -26.0314  -28.0684  
153  0.0  -23.9518  -25.6034  -27.5279  -23.8561  -25.6154  -27.5801  -23.8219  -25.6426  -27.5841  -23.8872  -25.7768  -27.6049  
153  0.5  -23.8565  -25.5633  -27.4773  -23.6993  -25.5278  -27.3992  -23.6258  -25.4986  -27.2910  -23.6846  -25.5636  -27.2310  
154 -0.5  -23.3635  -23.1540  -22.6002  -23.3261  -23.0848  -22.6321  -23.2378  -23.0142  -22.7840  -23.1798  -22.8205  -23.0203  
154  0.0  -23.3534  -23.1503  -22.6474  -23.3088  -23.0985  -22.6582  -23.2324  -23.0188  -22.7929  -23.1761  -22.7945  -23.0234  
154  0.5  -23.3343  -23.1488  -22.7259  -23.3097  -23.0926  -22.7389  -23.2408  -23.0390  -22.8454  -23.1706  -22.8286  -23.0525  
155 -0.5  -23.7748  -25.3955  -27.3099  -23.7216  -25.3588  -27.4555  -23.6468  -25.4365  -27.5751  -23.6566  -25.6316  -27.6687  
155  0.0  -23.5519  -25.2034  -27.1279  -23.4561  -25.2155  -27.1802  -23.4220  -25.2430  -27.1846  -23.4876  -25.3774  -27.2060  
155  0.5  -23.4565  -25.1633  -27.0773  -23.2994  -25.1279  -26.9994  -23.2260  -25.0992  -26.8919  -23.2854  -25.1651  -26.8337  
156 -0.5  -23.2210  -23.0219  -22.4580  -23.1729  -22.9567  -22.5067  -23.0757  -22.8804  -22.7066  -23.0191  -22.6501  -22.9784  
156  0.0  -23.2103  -23.0213  -22.5089  -23.1546  -22.9732  -22.5312  -23.0721  -22.8899  -22.7087  -23.0176  -22.6239  -22.9759  
156  0.5  -23.1923  -23.0260  -22.5982  -23.1595  -22.9720  -22.6154  -23.0849  -22.9185  -22.7541  -23.0158  -22.6550  -22.9972  
157 -0.5  -23.0553  -22.8608  -22.2890  -22.9927  -22.8036  -22.3698  -22.8876  -22.6949  -22.6251  -22.8330  -22.4255  -22.9237  
157  0.0  -23.0433  -22.8632  -22.3415  -22.9731  -22.8228  -22.3916  -22.8860  -22.7076  -22.6203  -22.8333  -22.4125  -22.9168  
157  0.5  -23.0234  -22.8749  -22.4395  -22.9810  -22.8268  -22.4757  -22.9005  -22.7537  -22.6572  -22.8347  -22.4421  -22.9315  
158 -0.5  -21.3474  -21.2756  -21.2503  -21.3869  -21.3436  -21.5274  -21.4214  -21.4196  -21.8599  -21.4435  -21.5016  -22.2140  
158  0.0  -21.3263  -21.2526  -21.2729  -21.3582  -21.3165  -21.5399  -21.3883  -21.3978  -21.8692  -21.4160  -21.5037  -22.2276  
158  0.5  -21.2847  -21.2018  -21.3004  -21.3066  -21.2636  -21.5577  -21.3257  -21.3511  -21.8848  -21.3490  -21.4757  -22.2357  
159 -0.5  -22.8699  -22.6757  -22.0872  -22.7895  -22.6288  -22.2236  -22.6798  -22.4534  -22.5200  -22.6276  -22.1409  -22.8290  
159  0.0  -22.8550  -22.6807  -22.1393  -22.7694  -22.6515  -22.2441  -22.6802  -22.4686  -22.5143  -22.6300  -22.1715  -22.8211  
159  0.5  -22.8354  -22.6980  -22.2291  -22.7821  -22.6603  -22.3204  -22.7016  -22.5315  -22.5486  -22.6345  -22.2093  -22.8375  
160 -0.5  -22.6107  -22.3667  -21.6071  -22.5127  -22.3033  -21.8426  -22.4007  -22.0327  -22.1396  -22.3519  -21.7447  -22.4646  
160  0.0  -22.5982  -22.3931  -21.6630  -22.5015  -22.3540  -21.8700  -22.4114  -22.0606  -22.1534  -22.3654  -21.8277  -22.4750  
160  0.5  -22.5818  -22.4396  -21.7383  -22.5240  -22.4016  -21.9308  -22.4422  -22.1933  -22.1989  -22.3765  -21.9111  -22.5101  
161 -0.5  -23.8722  -23.6492  -23.0677  -23.8478  -23.5562  -23.1454  -23.7767  -23.3765  -23.2766  -23.7146  -23.1331  -23.4899  
161  0.0  -23.8613  -23.6433  -23.1016  -23.8304  -23.5718  -23.1710  -23.7666  -23.3961  -23.2954  -23.7048  -23.1557  -23.5036  
161  0.5  -23.8395  -23.6343  -23.1610  -23.8236  -23.5649  -23.2217  -23.7625  -23.4314  -23.3435  -23.6877  -23.2369  -23.5403  
162 -0.5  -23.7470  -23.5410  -22.9589  -23.7166  -23.4377  -23.0509  -23.6393  -23.2417  -23.2251  -23.5769  -22.9918  -23.4731  
162  0.0  -23.7361  -23.5375  -22.9969  -23.6987  -23.4574  -23.0762  -23.6304  -23.2677  -23.2404  -23.5685  -23.0140  -23.4829  
162  0.5  -23.7155  -23.5352  -23.0577  -23.6947  -23.4561  -23.1243  -23.6291  -23.3085  -23.2803  -23.5538  -23.1026  -23.5146  
163 -0.5  -23.6415  -23.5874  -22.7359  -23.6921  -23.6203  -22.8198  -23.7132  -23.5944  -23.1449  -23.7031  -23.4810  -23.5461  
163  0.0  -23.6046  -23.5509  -22.7441  -23.6504  -23.5817  -22.8323  -23.6688  -23.5513  -23.1511  -23.6662  -23.4476  -23.5515  
163  0.5  -23.5114  -23.4595  -22.7564  -23.5529  -23.4771  -22.8740  -23.5623  -23.4433  -23.1884  -23.5554  -23.3455  -23.5641  
164 -0.5  -22.3148  -21.9931  -21.7382  -22.2111  -21.8203  -21.9790  -22.0876  -21.6202  -22.2191  -22.0257  -21.5714  -22.5146  
164  0.0  -22.2984  -22.0339  -21.7771  -22.1998  -21.8912  -22.0132  -22.0993  -21.6874  -22.2521  -22.0374  -21.6146  -22.5312  
164  0.5  -22.2808  -22.1071  -21.8441  -22.2256  -21.9742  -22.0724  -22.1351  -21.7803  -22.3426  -22.0512  -21.7188  -22.6246  
165 -0.5  -23.6232  -23.4295  -22.8577  -23.5852  -23.3147  -22.9816  -23.5023  -23.1000  -23.2112  -23.4399  -22.8621  -23.4847  
165  0.0  -23.6118  -23.4285  -22.8992  -23.5665  -23.3391  -23.0053  -23.4946  -23.1363  -23.2217  -23.4328  -22.8812  -23.4908  
165  0.5  -23.5918  -23.4336  -22.9692  -23.5652  -23.3442  -23.0452  -23.4961  -23.1834  -23.2499  -23.4203  -22.9806  -23.5182  
166 -0.5  -22.9842  -22.9424  -22.2666  -23.1154  -23.1694  -22.5397  -23.3121  -23.4024  -22.8903  -23.5902  -23.6610  -23.2469  
166  0.0  -22.9570  -22.9307  -22.2785  -23.0894  -23.1475  -22.5348  -23.3022  -23.3909  -22.8758  -23.6151  -23.6835  -23.2292  
166  0.5  -22.9059  -22.8914  -22.2766  -23.0454  -23.1089  -22.5253  -23.2900  -23.3672  -22.8762  -23.6316  -23.6869  -23.2292  
167 -0.5  -23.4686  -23.2816  -22.7468  -23.4218  -23.1527  -22.9275  -23.3351  -22.9012  -23.2124  -23.2720  -22.7168  -23.4908  
167  0.0  -23.4561  -23.2829  -22.7859  -23.4022  -23.1808  -22.9480  -23.3282  -22.9497  -23.2191  -23.2654  -22.7341  -23.4957  
167  0.5  -23.4344  -23.2954  -22.8659  -23.4022  -23.1926  -22.9736  -23.3301  -23.0095  -23.2357  -23.2544  -22.8490  -23.5238  
168 -0.5  -23.2762  -23.0879  -22.6628  -23.2225  -22.9347  -22.9120  -23.1351  -22.6510  -23.2082  -23.0695  -22.5796  -23.4804  
168  0.0  -23.2619  -23.0916  -22.6931  -23.2026  -22.9685  -22.9304  -23.1283  -22.7169  -23.2181  -23.0626  -22.6098  -23.4847  
168  0.5  -23.2400  -23.1112  -22.7561  -23.2040  -22.9881  -22.9487  -23.1328  -22.7791  -23.2378  -23.0520  -22.7267  -23.5215  
169 -0.5  -24.0898  -23.8889  -23.4067  -24.0632  -23.7848  -23.5758  -23.9908  -23.5493  -23.8311  -23.9277  -23.3372  -24.1012  
169  0.0  -24.0780  -23.8849  -23.4339  -24.0441  -23.8041  -23.5957  -23.9788  -23.5724  -23.8424  -23.9153  -23.3805  -24.1025  
169  0.5  -24.0558  -23.8818  -23.4625  -24.0370  -23.8024  -23.6268  -23.9713  -23.6252  -23.8704  -23.8944  -23.4369  -24.1307  
170 -0.5  -23.9482  -23.7631  -23.3609  -23.9161  -23.6470  -23.5914  -23.8403  -23.3915  -23.8873  -23.7770  -23.2540  -24.1469  
170  0.0  -23.9358  -23.7611  -23.3873  -23.8962  -23.6707  -23.6064  -23.8288  -23.4198  -23.8955  -23.7651  -23.3183  -24.1483  
170  0.5  -23.9139  -23.7648  -23.4187  -23.8910  -23.6750  -23.6258  -23.8229  -23.4786  -23.9187  -23.7452  -23.3646  -24.1742  
171 -0.5  -23.0868  -22.8235  -22.4797  -23.0331  -22.6455  -22.7414  -22.9471  -22.5118  -23.0146  -22.8748  -22.5091  -23.3161  
171  0.0  -23.0749  -22.8489  -22.5103  -23.0185  -22.6976  -22.7737  -22.9442  -22.5772  -23.0453  -22.8703  -22.5737  -23.3284  
171  0.5  -23.0547  -22.9054  -22.5806  -23.0228  -22.7542  -22.8164  -22.9510  -22.6329  -23.1014  -22.8604  -22.6850  -23.4078  
172 -0.5  -30.0000  -30.0000  -30.0000  -29.9930  -30.0000  -30.0000  -28.7082  -30.0000  -30.0000  -27.3974  -29.2332  -30.0000  
172  0.0  -30.0000  -30.0000  -30.0000  -29.5379  -30.0000  -30.0000  -28.3103  -30.0000  -30.0000  -27.0673  -28.9079  -30.0000  
172  0.5  -30.0000  -30.0000  -30.0000  -29.1534  -30.0000  -30.0000  -28.0097  -29.9042  -30.0000  -26.8619  -28.7165  -30.0000  
173 -0.5  -23.7971  -23.6241  -23.4260  -23.7605  -23.4916  -23.7135  -23.6842  -23.2402  -24.0007  -23.6201  -23.2294  -24.2334  
173  0.0  -23.7837  -23.6240  -23.4428  -23.7399  -23.5189  -23.7247  -23.6725  -23.2628  -24.0107  -23.6075  -23.3063  -24.2356  
173  0.5  -23.7601  -23.6338  -23.4542  -23.7346  -23.5299  -23.7365  -23.6656  -23.3260  -24.0371  -23.5873  -23.3451  -24.2665  
174 -0.5  -23.6501  -25.1815  -26.9884  -23.4560  -25.0839  -27.1361  -23.2063  -25.1395  -27.4746  -23.3534  -25.4406  -27.8041  
174  0.0  -23.4889  -25.1276  -26.9412  -23.3200  -25.1794  -27.0126  -23.1945  -25.1513  -27.2840  -23.3392  -25.3199  -27.5705  
174  0.5  -23.3857  -25.1443  -26.9705  -23.3612  -25.2105  -26.9624  -23.3419  -25.1315  -27.0227  -23.4646  -25.1450  -27.1322  
175 -0.5  -23.6295  -23.4628  -23.7294  -23.5941  -23.3226  -23.9757  -23.5220  -23.2751  -24.2423  -23.4564  -23.3671  -24.5255  
175  0.0  -23.6153  -23.4640  -23.7395  -23.5735  -23.3496  -23.9879  -23.5089  -23.2513  -24.2541  -23.4413  -23.4289  -24.5239  
175  0.5  -23.5912  -23.4793  -23.7060  -23.5671  -23.3632  -23.9943  -23.5007  -23.2863  -24.2826  -23.4183  -23.4332  -24.5553  
176 -0.5  -30.0000  -30.0000  -30.0000  -30.0000  -30.0000  -30.0000  -29.3844  -30.0000  -30.0000  -27.5041  -29.4264  -30.0000  
176  0.0  -30.0000  -30.0000  -30.0000  -30.0000  -30.0000  -30.0000  -29.0426  -30.0000  -30.0000  -27.2766  -29.1912  -30.0000  
176  0.5  -30.0000  -30.0000  -30.0000  -30.0000  -30.0000  -30.0000  -28.8448  -30.0000  -30.0000  -27.2122  -29.1214  -30.0000  
177 -0.5  -25.4813  -27.4764  -29.4521  -25.5465  -27.5482  -29.3063  -25.6034  -27.6208  -29.2261  -25.7202  -27.7279  -29.2047  
177  0.0  -25.0368  -27.0390  -29.0471  -25.1082  -27.1219  -28.8963  -25.1816  -27.1989  -28.8215  -25.3162  -27.3164  -28.8138  
177  0.5  -24.6813  -26.6901  -28.7316  -24.7575  -26.7728  -28.6016  -24.8285  -26.8397  -28.5497  -24.9502  -26.9391  -28.5573  
178 -0.5  -28.3836  -30.0000  -30.0000  -27.3312  -29.3315  -30.0000  -26.4583  -28.4079  -29.9119  -25.9315  -27.8562  -29.4253  
178  0.0  -27.8551  -29.8840  -30.0000  -26.7928  -28.7907  -30.0000  -25.9281  -27.8779  -29.4340  -25.4088  -27.3364  -28.9622  
178  0.5  -27.4913  -29.5232  -30.0000  -26.4088  -28.4073  -29.9435  -25.5415  -27.5014  -29.1747  -25.0047  -26.9477  -28.7146  
179 -0.5  -24.0683  -23.9069  -23.9685  -24.0399  -23.7819  -24.2611  -23.9716  -23.7499  -24.5131  -23.9060  -23.8587  -24.7701  
179  0.0  -24.0547  -23.9055  -23.9876  -24.0188  -23.8053  -24.2773  -23.9563  -23.7461  -24.5305  -23.8889  -23.9048  -24.7883  
179  0.5  -24.0298  -23.9134  -23.9891  -24.0097  -23.8128  -24.3085  -23.9431  -23.7619  -24.5725  -23.8616  -23.9158  -24.8188  
180 -0.5  -22.6183  -24.2656  -26.4483  -22.4016  -24.4227  -26.7537  -22.4924  -24.6725  -27.0820  -22.7697  -24.9785  -27.3901  
180  0.0  -22.5840  -24.2694  -26.3978  -22.5221  -24.4488  -26.6134  -22.6164  -24.5884  -26.8189  -22.8359  -24.8142  -27.0741  
180  0.5  -22.6095  -24.3853  -26.3565  -22.7027  -24.3784  -26.4529  -22.7400  -24.4764  -26.4686  -22.8795  -24.6390  -26.6030  
181 -0.5  -30.0000  -30.0000  -30.0000  -29.5798  -30.0000  -30.0000  -27.9404  -29.9316  -30.0000  -26.6936  -28.6771  -30.0000  
181  0.0  -30.0000  -30.0000  -30.0000  -29.1320  -30.0000  -30.0000  -27.5536  -29.5375  -30.0000  -26.3885  -28.3675  -30.0000  
181  0.5  -30.0000  -30.0000  -30.0000  -28.7645  -30.0000  -30.0000  -27.2887  -29.2689  -30.0000  -26.2273  -28.2034  -30.0000  
182 -0.5  -24.0865  -25.7122  -27.8621  -23.8879  -25.8043  -28.0980  -23.8911  -26.0262  -28.2735  -24.0376  -26.3105  -28.3294  
182  0.0  -23.8522  -25.6283  -27.8344  -23.8027  -25.7724  -28.0021  -23.8611  -25.9711  -28.0526  -24.0159  -26.1898  -28.0374  
182  0.5  -23.7213  -25.6487  -27.8705  -23.7892  -25.7793  -27.9457  -23.8691  -25.9251  -27.9150  -23.9850  -26.0300  -27.8859  
183 -0.5  -25.4338  -27.1918  -29.0988  -25.2573  -27.1162  -29.3230  -25.0739  -27.2918  -29.5912  -25.2842  -27.5993  -29.7921  
183  0.0  -25.1309  -26.9915  -28.8967  -24.9738  -27.0178  -29.0859  -24.9432  -27.1011  -29.2760  -25.1526  -27.3397  -29.3919  
183  0.5  -24.9880  -26.9161  -28.8407  -24.9599  -26.9314  -28.9611  -24.9893  -26.9883  -29.0485  -25.1353  -27.1524  -29.0581  
184 -0.5  -27.1582  -29.1558  -30.0000  -27.2216  -29.2259  -30.0000  -27.2764  -29.2951  -30.0000  -27.3930  -29.3988  -30.0000  
184  0.0  -26.7171  -28.7190  -30.0000  -26.7870  -28.7994  -30.0000  -26.8587  -28.8727  -30.0000  -26.9920  -28.9860  -30.0000  
184  0.5  -26.3664  -28.3729  -30.0000  -26.4399  -28.4522  -30.0000  -26.5083  -28.5161  -30.0000  -26.6273  -28.6106  -30.0000  
185 -0.5  -29.2333  -30.0000  -30.0000  -27.5811  -29.5936  -30.0000  -26.5909  -28.5803  -30.0000  -26.0952  -28.0790  -30.0000  
185  0.0  -28.7918  -30.0000  -30.0000  -27.1476  -29.1549  -30.0000  -26.1937  -28.1752  -30.0000  -25.7416  -27.7213  -29.6880  
185  0.5  -28.4433  -30.0000  -30.0000  -26.8102  -28.8116  -30.0000  -25.9079  -27.8857  -29.7479  -25.5029  -27.4835  -29.4449  
186 -0.5  -23.7528  -24.8711  -26.2684  -23.3658  -24.7155  -26.4263  -23.2298  -24.9423  -26.8769  -23.5571  -25.3291  -27.2509  
186  0.0  -22.9634  -24.2410  -25.9437  -23.0640  -24.5345  -26.3640  -23.2868  -24.9289  -26.7657  -23.6410  -25.3406  -27.2273  
186  0.5  -22.7456  -24.1444  -25.8553  -22.9662  -24.5036  -26.3391  -23.3272  -24.9083  -26.7605  -23.6603  -25.3493  -27.1707  
187 -0.5  -26.4645  -28.2308  -30.0000  -26.2661  -28.1534  -30.0000  -26.0831  -28.3341  -30.0000  -26.3121  -28.6458  -30.0000  
187  0.0  -26.1429  -28.0288  -29.9356  -25.9466  -28.0535  -30.0000  -25.9260  -28.1385  -30.0000  -26.1608  -28.3803  -30.0000  
187  0.5  -25.9834  -27.9493  -29.8784  -25.9389  -27.9610  -30.0000  -25.9765  -28.0212  -30.0000  -26.1320  -28.1899  -30.0000  
188 -0.5  -23.9510  -25.0154  -26.3765  -23.5182  -24.8293  -26.4256  -23.2820  -24.9418  -26.7971  -23.5227  -25.2552  -27.1655  
188  0.0  -23.4330  -24.6014  -26.1270  -23.2316  -24.6784  -26.2848  -23.2843  -24.8612  -26.6299  -23.5901  -25.2203  -27.0846  
188  0.5  -22.9534  -24.4511  -25.9822  -23.1053  -24.4807  -26.2567  -23.3281  -24.8073  -26.6156  -23.6203  -25.2242  -26.9643  
189 -0.5  -24.2003  -25.2932  -26.6816  -23.7900  -25.1294  -26.8292  -23.6185  -25.3458  -27.2787  -23.9427  -25.7328  -27.6542  
189  0.0  -23.4094  -24.6535  -26.3474  -23.4636  -24.9368  -26.7657  -23.6811  -25.3302  -27.1676  -24.0393  -25.7442  -27.6309  
189  0.5  -23.1399  -24.5473  -26.2567  -23.3748  -24.9037  -26.7410  -23.7296  -25.3095  -27.1629  -24.0625  -25.7524  -27.5738  
190 -0.5  -25.5253  -27.1952  -29.3419  -25.3135  -27.2843  -29.5750  -25.3191  -27.5018  -29.7440  -25.4780  -27.7802  -29.7941  
190  0.0  -25.3252  -27.1123  -29.3148  -25.2630  -27.2529  -29.4775  -25.3145  -27.4466  -29.5204  -25.4715  -27.6571  -29.4993  
190  0.5  -25.2050  -27.1304  -29.3500  -25.2665  -27.2577  -29.4185  -25.3388  -27.3976  -29.3814  -25.4500  -27.4946  -29.3468  
191 -0.5  -27.7523  -29.7782  -30.0000  -26.9555  -28.9636  -30.0000  -26.6070  -28.5910  -29.9645  -26.5039  -28.4432  -29.8191  
191  0.0  -27.2899  -29.3175  -30.0000  -26.4943  -28.5023  -29.8469  -26.1462  -28.1316  -29.5701  -26.0466  -27.9949  -29.4453  
191  0.5  -26.8902  -28.9224  -30.0000  -26.1005  -28.1103  -29.6065  -25.7413  -27.7351  -29.3420  -25.6250  -27.5895  -29.2473  
192 -0.5  -29.3475  -30.0000  -30.0000  -28.5457  -30.0000  -30.0000  -28.1828  -30.0000  -30.0000  -28.1237  -30.0000  -30.0000  
192  0.0  -28.5341  -30.0000  -30.0000  -27.7277  -29.7334  -30.0000  -27.3657  -29.3493  -30.0000  -27.3070  -29.2564  -30.0000  
192  0.5  -27.7242  -29.7455  -30.0000  -26.9053  -28.9075  -30.0000  -26.5262  -28.5144  -30.0000  -26.4368  -28.3969  -30.0000  
193 -0.5  -23.6154  -24.8693  -26.4940  -23.4677  -24.9771  -26.8060  -23.5562  -25.3147  -27.2280  -23.8970  -25.6872  -27.6143  
193  0.0  -23.4389  -24.7378  -26.4368  -23.5125  -25.0087  -26.7689  -23.6874  -25.3179  -27.1372  -24.0253  -25.7044  -27.5869  
193  0.5  -23.2406  -24.7031  -26.3591  -23.4470  -24.9336  -26.7543  -23.7594  -25.3014  -27.1391  -24.0771  -25.7243  -27.5236  
194 -0.5  -28.7755  -30.0000  -30.0000  -27.9802  -29.9883  -30.0000  -27.6328  -29.6167  -30.0000  -27.5304  -29.4682  -30.0000  
194  0.0  -28.3124  -30.0000  -30.0000  -27.5183  -29.5265  -30.0000  -27.1711  -29.1566  -30.0000  -27.0718  -29.0189  -30.0000  
194  0.5  -27.9107  -29.9434  -30.0000  -27.1227  -29.1330  -30.0000  -26.7641  -28.7585  -30.0000  -26.6474  -28.6117  -30.0000  
195 -0.5  -28.1150  -29.2040  -30.0000  -27.7602  -28.8171  -30.0000  -27.2030  -28.7638  -30.0000  -26.8557  -28.8145  -30.0000  
195  0.0  -27.7567  -28.8242  -30.0000  -27.5630  -28.5151  -30.0000  -27.2718  -28.3831  -29.9175  -26.9041  -28.3473  -29.9125  
195  0.5  -27.1551  -28.4545  -29.9479  -27.1229  -28.1546  -29.6195  -26.9530  -27.9602  -29.4166  -26.6361  -27.8511  -29.3720  
196 -0.5  -25.1227  -26.2607  -27.7664  -24.8129  -26.2415  -27.9938  -24.7744  -26.5030  -28.3978  -25.0850  -26.8560  -28.7706  
196  0.0  -24.8053  -26.0324  -27.6593  -24.7536  -26.2253  -27.9396  -24.8784  -26.4895  -28.2899  -25.2062  -26.8642  -28.7356  
196  0.5  -24.4821  -25.9613  -27.5634  -24.6718  -26.1089  -27.9181  -24.9467  -26.4618  -28.2891  -25.2533  -26.8805  -28.6635  
197 -0.5  -25.9791  -27.0344  -28.4317  -25.5171  -26.7922  -28.8550  -25.1977  -27.1654  -29.2395  -25.4805  -27.4392  -29.6191  
197  0.0  -25.1207  -26.3230  -28.2324  -24.9515  -26.4898  -28.6288  -25.0244  -26.8614  -28.9732  -25.3316  -27.1547  -29.3172  
197  0.5  -24.5785  -26.2014  -28.2563  -24.7442  -26.5004  -28.6088  -24.9701  -26.8120  -28.9371  -25.3361  -27.0253  -29.2594  
198 -0.5  -29.1092  -30.0000  -30.0000  -28.7533  -29.8105  -30.0000  -28.1942  -29.7576  -30.0000  -27.8459  -29.8063  -30.0000  
198  0.0  -28.7510  -29.8160  -30.0000  -28.5559  -29.5074  -30.0000  -28.2632  -29.3742  -30.0000  -27.8921  -29.3325  -30.0000  
198  0.5  -28.1501  -29.4465  -30.0000  -28.1165  -29.1453  -30.0000  -27.9436  -28.9451  -30.0000  -27.6196  -28.8145  -30.0000  
