  1 -0.5  -20.7115  -20.7073  -20.7004  -20.3387  -20.3354  -20.3306  -20.0864  -20.0850  -20.0841  -19.9534  -19.9531  -19.9523  
  1  0.0  -20.8212  -20.7610  -20.7302  -20.4185  -20.3890  -20.3742  -20.1321  -20.1245  -20.1242  -19.9788  -19.9777  -19.9772  
  1  0.5  -21.1162  -20.9198  -20.8225  -20.7116  -20.5228  -20.4613  -20.3400  -20.2022  -20.1918  -20.0519  -20.0348  -20.0266  
  2 -0.5  -21.8250  -21.7505  -21.5997  -21.8228  -21.7357  -21.5781  -21.8223  -21.7247  -21.5625  -21.8309  -21.7234  -21.5518  
  2  0.0  -21.8714  -21.7997  -21.6469  -21.8547  -21.7799  -21.6293  -21.8466  -21.7703  -21.6214  -21.8516  -21.7730  -21.6109  
  2  0.5  -21.9321  -21.8918  -21.7779  -21.9298  -21.8565  -21.7151  -21.9404  -21.8131  -21.6713  -21.8821  -21.8061  -21.6596  
  3 -0.5  -20.3734  -20.4484  -20.8062  -20.4481  -20.5398  -20.9528  -20.5070  -20.6114  -21.0594  -20.5383  -20.6510  -21.1351  
  3  0.0  -20.3083  -20.3812  -20.7318  -20.3914  -20.4781  -20.8811  -20.4561  -20.5517  -20.9696  -20.4916  -20.5917  -21.0497  
  3  0.5  -20.1552  -20.2068  -20.4912  -20.2246  -20.3010  -20.6622  -20.3024  -20.3866  -20.7713  -20.3569  -20.4197  -20.8573  
  4 -0.5  -23.1845  -23.1797  -23.1736  -23.1631  -23.1592  -23.1537  -23.1522  -23.1492  -23.1346  -23.1364  -23.1301  -23.0519  
  4  0.0  -23.3051  -23.2466  -23.2185  -23.2471  -23.2169  -23.1999  -23.2216  -23.2086  -23.1661  -23.2096  -23.2009  -23.0970  
  4  0.5  -23.6809  -23.4374  -23.3307  -23.5959  -23.3528  -23.2681  -23.5029  -23.2885  -23.1791  -23.3643  -23.2344  -23.1563  
  5 -0.5  -23.6670  -23.6478  -23.6219  -23.3833  -23.3506  -23.3074  -23.0515  -23.0174  -22.9771  -22.7392  -22.7116  -22.6723  
  5  0.0  -23.6637  -23.5933  -23.5292  -23.4253  -23.3618  -23.2666  -23.1772  -23.1054  -23.0074  -22.9224  -22.8602  -22.7734  
  5  0.5  -23.7494  -23.6146  -23.5182  -23.5030  -23.3411  -23.2496  -23.2097  -23.0294  -22.9661  -22.8710  -22.7582  -22.7189  
  6 -0.5  -25.0415  -25.1797  -25.2926  -24.1556  -24.1562  -24.1811  -23.9977  -23.8494  -23.7774  -23.8937  -23.6999  -23.5939  
  6  0.0  -24.6577  -24.6316  -24.6496  -24.2065  -24.0258  -23.9336  -24.0689  -23.8578  -23.7453  -23.9963  -23.7809  -23.6442  
  6  0.5  -24.7781  -24.4657  -24.2988  -24.5033  -24.0552  -23.8745  -24.2554  -23.8534  -23.7241  -24.0411  -23.7598  -23.6286  
  7 -0.5  -25.8908  -26.0484  -26.1734  -24.6109  -24.7449  -24.8672  -24.0485  -24.1205  -24.2207  -23.7359  -23.8204  -23.9551  
  7  0.0  -25.3807  -25.3961  -25.4519  -24.3716  -24.3572  -24.4003  -23.9901  -24.0024  -24.0761  -23.8026  -23.8536  -23.9390  
  7  0.5  -25.2407  -25.0236  -24.9140  -24.5598  -24.2767  -24.2263  -24.1501  -23.9708  -24.0116  -23.8116  -23.8267  -23.8826  
  8 -0.5  -26.0617  -25.4738  -25.2943  -24.7943  -24.3325  -24.2218  -24.1341  -23.9224  -23.8574  -23.8839  -23.7203  -23.6474  
  8  0.0  -25.5486  -24.8755  -24.6670  -24.3933  -24.1345  -24.0662  -24.0700  -23.9512  -23.8952  -23.9498  -23.8444  -23.7705  
  8  0.5  -25.2887  -24.6018  -24.3800  -24.5539  -24.1741  -24.0468  -24.2779  -23.9489  -23.8775  -24.0092  -23.8158  -23.7345  
  9 -0.5  -22.5576  -22.5551  -22.5519  -22.3762  -22.3749  -22.3731  -22.2989  -22.2985  -22.2980  -22.2749  -22.2748  -22.2747  
  9  0.0  -22.6290  -22.5913  -22.5685  -22.4164  -22.4002  -22.3913  -22.3226  -22.3196  -22.3176  -22.2976  -22.2970  -22.2966  
  9  0.5  -22.8815  -22.7284  -22.6418  -22.5886  -22.4820  -22.4394  -22.4098  -22.3666  -22.3586  -22.3493  -22.3439  -22.3433  
 10 -0.5  -23.3005  -23.2943  -23.2861  -23.2794  -23.2751  -23.2656  -23.2665  -23.2606  -23.1858  -23.2496  -23.2025  -23.0558  
 10  0.0  -23.4239  -23.3674  -23.3392  -23.3678  -23.3382  -23.3199  -23.3406  -23.3272  -23.1694  -23.3275  -23.3088  -23.1119  
 10  0.5  -23.7803  -23.5493  -23.4479  -23.6982  -23.4690  -23.3866  -23.6113  -23.4043  -23.1756  -23.4765  -23.2391  -23.1652  
 11 -0.5  -30.0000  -30.0000  -30.0000  -30.0000  -30.0000  -30.0000  -26.8238  -26.8062  -26.7809  -24.7585  -24.7441  -24.7120  
 11  0.0  -30.0000  -30.0000  -30.0000  -30.0000  -30.0000  -30.0000  -26.7235  -26.6591  -26.6090  -24.6849  -24.6579  -24.6127  
 11  0.5  -30.0000  -30.0000  -30.0000  -30.0000  -30.0000  -30.0000  -28.6380  -26.6718  -26.4832  -24.9433  -24.6890  -24.5766  
 12 -0.5  -30.0000  -30.0000  -30.0000  -30.0000  -30.0000  -30.0000  -27.1265  -27.1086  -27.0828  -25.0387  -25.0239  -24.9911  
 12  0.0  -30.0000  -30.0000  -30.0000  -30.0000  -30.0000  -30.0000  -27.0292  -26.9647  -26.9144  -24.9467  -24.9178  -24.8696  
 12  0.5  -30.0000  -30.0000  -30.0000  -30.0000  -30.0000  -30.0000  -28.9440  -26.9773  -26.7885  -25.2128  -24.9382  -24.8155  
 13 -0.5  -22.3055  -22.3031  -22.2999  -22.1240  -22.1227  -22.1209  -22.0470  -22.0466  -22.0461  -22.0235  -22.0234  -22.0235  
 13  0.0  -22.3749  -22.3381  -22.3158  -22.1626  -22.1470  -22.1384  -22.0692  -22.0665  -22.0647  -22.0447  -22.0443  -22.0445  
 13  0.5  -22.6232  -22.4720  -22.3869  -22.3306  -22.2263  -22.1849  -22.1519  -22.1117  -22.1045  -22.0933  -22.0895  -22.0899  
 14 -0.5  -21.2476  -21.0427  -20.7160  -21.3158  -21.0840  -20.7658  -21.3705  -21.1208  -20.8092  -21.3964  -21.1368  -20.8254  
 14  0.0  -21.1930  -21.0200  -20.6797  -21.2654  -21.0504  -20.7194  -21.3243  -21.0822  -20.7505  -21.3564  -21.0999  -20.7483  
 14  0.5  -21.0240  -21.0415  -20.6626  -21.1164  -21.0524  -20.6498  -21.2057  -21.0423  -20.6410  -21.2624  -20.9898  -20.6447  
 15 -0.5  -21.9693  -21.9670  -21.9642  -21.7883  -21.7871  -21.7857  -21.7122  -21.7120  -21.7120  -21.6898  -21.6898  -21.6904  
 15  0.0  -22.0333  -21.9990  -21.9783  -21.8226  -21.8087  -21.8013  -21.7307  -21.7290  -21.7281  -21.7073  -21.7075  -21.7085  
 15  0.5  -22.2706  -22.1244  -22.0438  -21.9795  -21.8810  -21.8437  -21.8021  -21.7695  -21.7651  -21.7481  -21.7483  -21.7515  
 16 -0.5  -19.7639  -19.7238  -19.6172  -19.7819  -19.7448  -19.6412  -19.8197  -19.7861  -19.6846  -19.8543  -19.8217  -19.7237  
 16  0.0  -19.9610  -19.9359  -19.8209  -19.9588  -19.9236  -19.8110  -19.9659  -19.9286  -19.8086  -19.9730  -19.9348  -19.8296  
 16  0.5  -19.9613  -19.9442  -19.8778  -19.9500  -19.9402  -19.8675  -19.9524  -19.9497  -19.8554  -19.9730  -19.9263  -19.8655  
 17 -0.5  -30.0000  -30.0000  -30.0000  -27.7111  -27.6695  -27.6156  -25.6392  -25.6106  -25.5729  -24.2025  -24.1771  -24.1296  
 17  0.0  -30.0000  -30.0000  -30.0000  -27.3704  -27.2459  -27.1578  -25.2064  -25.1566  -25.1101  -24.1832  -24.1512  -24.0874  
 17  0.5  -30.0000  -30.0000  -30.0000  -27.3810  -26.7887  -26.5495  -25.0596  -24.6703  -24.5890  -24.2567  -24.1661  -24.0998  
 18 -0.5  -30.0000  -30.0000  -30.0000  -28.0069  -27.9650  -27.9109  -25.9344  -25.9056  -25.8679  -24.4510  -24.4258  -24.3795  
 18  0.0  -30.0000  -30.0000  -30.0000  -27.6709  -27.5460  -27.4573  -25.4931  -25.4425  -25.3955  -24.2894  -24.2612  -24.2085  
 18  0.5  -30.0000  -30.0000  -30.0000  -27.6816  -27.0889  -26.8498  -25.3126  -24.9027  -24.8146  -24.3135  -24.2206  -24.1564  
 19 -0.5  -24.0398  -23.5795  -23.3432  -23.8704  -23.3900  -23.1804  -23.7559  -23.2895  -23.0483  -23.7202  -23.2368  -22.8797  
 19  0.0  -24.3261  -23.8104  -23.3787  -24.1435  -23.5449  -23.1670  -23.9405  -23.3688  -22.9322  -23.7710  -23.2468  -22.7321  
 19  0.5  -24.4186  -23.8674  -23.5710  -24.2200  -23.6965  -23.3949  -24.0240  -23.5081  -22.9481  -23.8318  -23.1005  -22.6721  
 20 -0.5  -24.6071  -24.3567  -23.9672  -24.5567  -24.2990  -23.8886  -24.5431  -24.2545  -23.7547  -24.5374  -24.1711  -23.5367  
 20  0.0  -24.6986  -24.3627  -23.9253  -24.6146  -24.2942  -23.8574  -24.6052  -24.2717  -23.6543  -24.6059  -24.2276  -23.5125  
 20  0.5  -25.0511  -24.5158  -23.9079  -24.9366  -24.3906  -23.8287  -24.8687  -24.3489  -23.6060  -24.8400  -24.0951  -23.5360  
 21 -0.5  -24.3933  -23.7657  -23.4632  -24.2478  -23.5891  -23.3194  -24.1842  -23.5440  -23.2813  -24.2163  -23.5772  -23.1791  
 21  0.0  -24.8972  -24.1996  -23.5942  -24.7155  -23.9095  -23.3985  -24.4954  -23.7369  -23.2760  -24.3228  -23.6500  -23.0965  
 21  0.5  -25.0371  -24.3930  -24.0761  -24.8119  -24.2189  -23.9049  -24.6037  -24.0367  -23.4928  -24.4080  -23.6549  -23.1674  
 22 -0.5  -23.6862  -23.5795  -23.5633  -23.5727  -23.4984  -23.4418  -23.5022  -23.3652  -23.2034  -23.3832  -23.1622  -23.0196  
 22  0.0  -23.6903  -23.5690  -23.5594  -23.6081  -23.5162  -23.4561  -23.5577  -23.4487  -23.0687  -23.5033  -23.2726  -23.0070  
 22  0.5  -23.5760  -23.4905  -23.4980  -23.5318  -23.4740  -23.4411  -23.5681  -23.4882  -23.0581  -23.6059  -23.0345  -23.0156  
 23 -0.5  -24.0694  -23.8790  -23.7008  -23.8336  -23.6434  -23.5225  -23.4627  -23.3763  -23.1032  -23.1026  -22.9948  -22.9713  
 23  0.0  -24.0946  -23.8731  -23.6836  -23.9403  -23.7144  -23.5516  -23.7089  -23.4907  -22.9104  -23.3409  -23.1365  -22.9359  
 23  0.5  -23.9642  -23.7364  -23.6060  -23.8634  -23.6414  -23.4872  -23.7522  -23.5382  -22.9357  -23.5093  -22.6891  -22.9325  
 24 -0.5  -23.7918  -23.7043  -23.6530  -23.7207  -23.6322  -23.5816  -23.7074  -23.6051  -23.5078  -23.6981  -23.5266  -23.3363  
 24  0.0  -24.1006  -23.8680  -23.6164  -23.9624  -23.7191  -23.5229  -23.8393  -23.6374  -23.2773  -23.7420  -23.5204  -23.1112  
 24  0.5  -24.3142  -24.0371  -23.9066  -24.1657  -23.9112  -23.7707  -24.0276  -23.7840  -23.3095  -23.8471  -23.2172  -23.0909  
 25 -0.5  -23.8212  -23.8912  -23.8950  -23.6959  -23.7716  -23.7714  -23.5859  -23.6540  -23.5556  -23.4195  -23.4502  -23.3064  
 25  0.0  -23.9776  -23.9273  -23.6996  -23.8245  -23.7432  -23.5601  -23.6617  -23.6055  -23.1505  -23.4707  -23.3991  -23.0167  
 25  0.5  -24.1403  -24.0725  -23.9778  -24.0111  -23.9333  -23.7919  -23.8515  -23.7554  -23.1741  -23.6242  -22.9694  -22.9824  
 26 -0.5  -23.6189  -23.5277  -23.4683  -23.5273  -23.4429  -23.3857  -23.5167  -23.4238  -23.3099  -23.4992  -23.3442  -23.1255  
 26  0.0  -24.0506  -23.7423  -23.3539  -23.8649  -23.5163  -23.2353  -23.6893  -23.4222  -23.0011  -23.5529  -23.3017  -22.8504  
 26  0.5  -24.2422  -23.9781  -23.8436  -24.0941  -23.8467  -23.6760  -23.9399  -23.6960  -23.0791  -23.7302  -22.9475  -22.8451  
 27 -0.5  -24.3677  -24.3130  -24.2524  -23.2901  -23.2243  -23.1463  -22.3328  -22.2846  -22.2299  -21.6790  -21.6442  -21.5953  
 27  0.0  -24.6663  -24.5511  -24.3682  -24.2665  -23.8872  -23.5332  -23.3515  -22.9539  -22.6932  -22.5004  -22.2737  -22.0362  
 27  0.5  -24.9183  -24.6949  -24.5735  -24.6406  -24.3854  -24.2607  -24.2177  -23.9364  -23.6622  -23.6817  -23.5121  -23.0318  
 28 -0.5  -28.2338  -28.1543  -28.0887  -26.2369  -26.1803  -26.1353  -24.9080  -24.8748  -24.8571  -24.0387  -24.0163  -23.9867  
 28  0.0  -30.0000  -29.4467  -28.6170  -28.1769  -27.1061  -26.6733  -26.0935  -25.6977  -25.4674  -25.0245  -24.8286  -24.5750  
 28  0.5  -30.0000  -30.0000  -30.0000  -30.0000  -30.0000  -28.7534  -30.0000  -28.0409  -26.6605  -29.1016  -27.0082  -25.7058  
 29 -0.5  -27.7592  -27.6916  -27.6701  -25.7666  -25.7224  -25.7220  -24.4426  -24.4219  -24.4490  -23.5802  -23.5701  -23.5854  
 29  0.0  -30.0000  -28.9700  -28.1893  -27.6875  -26.6351  -26.2500  -25.6105  -25.2307  -25.0472  -24.5477  -24.3665  -24.1605  
 29  0.5  -30.0000  -30.0000  -30.0000  -30.0000  -29.7875  -28.2967  -28.6128  -27.4526  -26.2243  -27.2213  -26.4388  -25.2744  
 30 -0.5  -27.3505  -27.2336  -27.0534  -25.3527  -25.2569  -25.0966  -24.0232  -23.9500  -23.8167  -23.1537  -23.0918  -22.9467  
 30  0.0  -30.0000  -28.5299  -27.5833  -27.3003  -26.1845  -25.6357  -25.2113  -24.7739  -24.4277  -24.1409  -23.9029  -23.5334  
 30  0.5  -30.0000  -30.0000  -30.0000  -30.0000  -30.0000  -27.7171  -30.0000  -27.1191  -25.6211  -28.5790  -26.0847  -24.6629  
 31 -0.5  -24.6145  -24.5631  -24.5075  -23.5470  -23.4849  -23.4110  -22.6138  -22.5664  -22.5125  -21.9658  -21.9313  -21.8829  
 31  0.0  -24.8161  -24.7038  -24.5435  -24.3564  -24.0637  -23.7613  -23.5791  -23.2109  -22.9609  -22.7666  -22.5463  -22.3137  
 31  0.5  -25.0104  -24.7948  -24.6699  -24.7191  -24.4610  -24.3407  -24.3441  -24.0538  -23.8300  -23.8177  -23.6616  -23.2547  
 32 -0.5  -27.3528  -27.2733  -27.2077  -25.3559  -25.2993  -25.2543  -24.0270  -23.9939  -23.9761  -23.1577  -23.1353  -23.1057  
 32  0.0  -30.0000  -28.5657  -27.7360  -27.2959  -26.2251  -25.7923  -25.2125  -24.8167  -24.5865  -24.1435  -23.9476  -23.6941  
 32  0.5  -30.0000  -30.0000  -30.0000  -30.0000  -30.0000  -27.8724  -29.6429  -27.1599  -25.7795  -28.2205  -26.1272  -24.8250  
 33 -0.5  -27.7776  -27.7101  -27.6886  -25.7851  -25.7409  -25.7405  -24.4610  -24.4403  -24.4674  -23.5981  -23.5882  -23.6037  
 33  0.0  -30.0000  -28.9885  -28.2078  -27.7060  -26.6535  -26.2684  -25.6289  -25.2490  -25.0656  -24.5649  -24.3839  -24.1786  
 33  0.5  -30.0000  -30.0000  -30.0000  -30.0000  -29.8060  -28.3151  -28.6311  -27.4709  -26.2427  -27.2375  -26.4553  -25.2921  
 34 -0.5  -27.5484  -27.4731  -27.4114  -25.5986  -25.5418  -25.4957  -24.2783  -24.2386  -24.2138  -23.3922  -23.3621  -23.3338  
 34  0.0  -29.9989  -28.1974  -27.4574  -26.9158  -25.9338  -25.5430  -24.9309  -24.5426  -24.3324  -23.8912  -23.6855  -23.4817  
 34  0.5  -30.0000  -30.0000  -30.0000  -29.5232  -29.0071  -26.9699  -27.8314  -26.2591  -24.9872  -26.6200  -25.2171  -24.0930  
 35 -0.5  -27.7205  -27.6397  -27.5262  -25.7714  -25.7090  -25.6112  -24.4517  -24.4067  -24.3313  -23.5669  -23.5318  -23.4560  
 35  0.0  -30.0000  -28.3581  -27.5601  -27.0828  -26.0969  -25.6454  -25.1010  -24.7066  -24.4358  -24.0624  -23.8505  -23.5891  
 35  0.5  -30.0000  -30.0000  -30.0000  -29.6294  -29.1134  -27.0385  -27.8813  -26.4034  -25.0650  -26.6225  -25.3592  -24.1746  
 36 -0.5  -23.9459  -23.2033  -22.8840  -23.7991  -23.0539  -22.7739  -23.7579  -23.0471  -22.7992  -23.8322  -23.1442  -22.7735  
 36  0.0  -24.9014  -23.7643  -22.9758  -24.4604  -23.3535  -22.8148  -24.0498  -23.1907  -22.7812  -23.8611  -23.1747  -22.4784  
 36  0.5  -25.0223  -24.3671  -24.0301  -24.7955  -24.1789  -23.8113  -24.5776  -23.9737  -22.9960  -24.3742  -23.2517  -22.5032  
 37 -0.5  -25.8130  -25.7404  -25.6607  -24.3652  -24.3097  -24.2451  -23.2736  -23.2294  -23.1792  -22.4252  -22.3875  -22.3322  
 37  0.0  -26.0450  -25.7623  -25.4308  -24.5693  -24.3157  -24.0891  -23.7635  -23.4588  -23.2412  -22.8599  -22.6496  -22.4105  
 37  0.5  -26.1199  -25.8017  -25.5193  -24.9335  -24.5634  -24.4019  -24.5056  -24.1895  -23.8958  -24.1307  -23.9035  -23.2204  
 38 -0.5  -29.3059  -29.2927  -29.2708  -27.8719  -27.8580  -27.8391  -26.4731  -26.4605  -26.4440  -25.3469  -25.3358  -25.3205  
 38  0.0  -28.7607  -28.5286  -28.4483  -27.1780  -27.0747  -27.0192  -25.7466  -25.6992  -25.6622  -24.6149  -24.5881  -24.5524  
 38  0.5  -30.0000  -30.0000  -28.2240  -27.3118  -26.8076  -26.5537  -25.8763  -25.3150  -25.1904  -24.4734  -24.2534  -24.1480  
 39 -0.5  -26.1224  -26.0498  -25.9702  -24.6707  -24.6155  -24.5514  -23.5555  -23.5137  -23.4661  -22.7272  -22.6902  -22.6359  
 39  0.0  -26.3559  -26.0715  -25.7388  -24.7881  -24.5485  -24.3425  -23.9588  -23.7040  -23.5089  -23.1443  -22.9428  -22.7103  
 39  0.5  -26.4275  -26.1082  -25.8218  -25.1269  -24.7006  -24.5133  -24.5676  -24.2494  -24.0417  -24.1952  -24.0121  -23.4703  
 40 -0.5  -21.6148  -21.6129  -21.6103  -21.4362  -21.4353  -21.4340  -21.3625  -21.3625  -21.3622  -21.3430  -21.3432  -21.3435  
 40  0.0  -21.6659  -21.6374  -21.6200  -21.4601  -21.4503  -21.4446  -21.3722  -21.3724  -21.3720  -21.3517  -21.3528  -21.3543  
 40  0.5  -21.8741  -21.7413  -21.6713  -21.5884  -21.5048  -21.4759  -21.4146  -21.4016  -21.4012  -21.3729  -21.3830  -21.3890  
 41 -0.5  -24.6186  -24.5451  -24.4660  -23.5107  -23.4533  -23.3882  -22.8993  -22.8597  -22.8195  -22.6026  -22.5737  -22.5409  
 41  0.0  -26.9501  -25.4584  -24.7776  -24.9688  -24.0932  -23.7029  -23.8028  -23.4066  -23.1821  -23.3308  -23.1083  -22.9310  
 41  0.5  -30.0000  -30.0000  -27.9449  -29.5463  -28.4273  -25.4993  -28.4226  -25.6070  -24.2668  -27.5264  -24.9823  -23.9317  
 42 -0.5  -24.1519  -24.0785  -23.9994  -23.0441  -22.9867  -22.9216  -22.4326  -22.3930  -22.3530  -22.1358  -22.1069  -22.0776  
 42  0.0  -26.4834  -24.9917  -24.3109  -24.5022  -23.6266  -23.2363  -23.3360  -22.9399  -22.7159  -22.8637  -22.6414  -22.4678  
 42  0.5  -30.0000  -29.5567  -27.4783  -29.0797  -27.9606  -25.0327  -27.9557  -25.1402  -23.8010  -27.0582  -24.5147  -23.4683  
 43 -0.5  -29.8562  -29.8430  -29.8244  -27.7233  -27.7111  -27.6935  -26.0878  -26.0780  -26.0644  -25.2409  -25.2356  -25.2269  
 43  0.0  -29.3266  -29.1746  -29.0901  -27.1074  -27.0019  -26.9449  -25.5376  -25.5074  -25.4844  -25.0443  -25.0307  -25.0124  
 43  0.5  -28.9816  -28.6709  -28.4781  -26.9704  -26.4510  -26.2191  -25.5465  -25.2548  -25.1956  -24.9582  -24.8604  -24.8135  
 44 -0.5  -26.1064  -26.0959  -26.0600  -25.0180  -25.0234  -24.9998  -24.4122  -24.4352  -24.4367  -24.1605  -24.1943  -24.2051  
 44  0.0  -28.0002  -26.6214  -25.9979  -26.0555  -25.2704  -24.9300  -24.8851  -24.5724  -24.3962  -24.4445  -24.3012  -24.1567  
 44  0.5  -30.0000  -30.0000  -28.6274  -30.0000  -29.2784  -26.2051  -29.8327  -26.2043  -24.9566  -28.4507  -25.5955  -24.6269  
 45 -0.5  -25.7046  -25.7486  -25.7578  -24.6171  -24.6777  -24.6985  -24.0118  -24.0897  -24.1357  -23.7602  -23.8486  -23.9058  
 45  0.0  -27.5952  -26.2746  -25.6951  -25.6540  -24.9264  -24.6281  -24.4845  -24.2288  -24.0951  -24.0442  -23.9575  -23.8729  
 45  0.5  -30.0000  -30.0000  -28.3155  -29.3496  -28.6464  -25.9013  -28.1720  -25.8605  -24.6559  -27.2655  -25.2545  -24.3320  
 46 -0.5  -25.1788  -25.0633  -24.9633  -24.0889  -23.9886  -23.9025  -23.4831  -23.4005  -23.3392  -23.2317  -23.1606  -23.1090  
 46  0.0  -27.0745  -25.5861  -24.9013  -25.1237  -24.2314  -23.8325  -23.9528  -23.5331  -23.2989  -23.5125  -23.2623  -23.0754  
 46  0.5  -30.0000  -30.0000  -27.5309  -29.6380  -28.1400  -25.1078  -28.4477  -25.1551  -23.8604  -27.3412  -24.5489  -23.5361  
 47 -0.5  -25.2765  -25.2660  -25.2301  -24.1880  -24.1935  -24.1699  -23.5823  -23.6053  -23.6068  -23.3305  -23.3644  -23.3766  
 47  0.0  -27.1703  -25.7915  -25.1679  -25.2255  -24.4405  -24.1001  -24.0551  -23.7425  -23.5667  -23.6145  -23.4713  -23.3457  
 47  0.5  -30.0000  -30.0000  -27.7975  -30.0000  -28.4485  -25.3751  -29.0028  -25.3744  -24.1286  -27.6207  -24.7688  -23.8054  
 48 -0.5  -25.6990  -25.7431  -25.7523  -24.6116  -24.6722  -24.6930  -24.0063  -24.0842  -24.1302  -23.7547  -23.8430  -23.8998  
 48  0.0  -27.5897  -26.2691  -25.6895  -25.6484  -24.9209  -24.6225  -24.4789  -24.2232  -24.0894  -24.0383  -23.9519  -23.8652  
 48  0.5  -30.0000  -30.0000  -28.3099  -29.3440  -28.6409  -25.8958  -28.1662  -25.8548  -24.6499  -27.2581  -25.2476  -24.3257  
 49 -0.5  -24.9855  -24.9652  -24.9369  -24.7121  -24.6857  -24.6420  -24.4951  -24.4683  -24.4132  -24.3364  -24.3066  -24.2333  
 49  0.0  -25.0945  -25.0004  -24.8313  -24.8219  -24.6824  -24.5354  -24.5539  -24.4514  -24.3288  -24.3872  -24.3199  -24.2018  
 49  0.5  -25.1774  -25.0918  -24.9738  -24.9702  -24.8404  -24.7276  -24.8191  -24.6224  -24.4866  -24.6179  -24.4285  -24.3538  
 50 -0.5  -25.2033  -25.1900  -25.1745  -24.9251  -24.9048  -24.8700  -24.7084  -24.6849  -24.6273  -24.5397  -24.5090  -24.4231  
 50  0.0  -25.2577  -25.1839  -25.0444  -24.9930  -24.8801  -24.7476  -24.7255  -24.6411  -24.5172  -24.5284  -24.4748  -24.3638  
 50  0.5  -25.2966  -25.2345  -25.1319  -25.0792  -24.9779  -24.8635  -24.9009  -24.7214  -24.5968  -24.7014  -24.5133  -24.4517  
 51 -0.5  -22.2246  -22.1570  -22.1516  -21.5766  -21.5322  -21.5496  -21.1897  -21.1664  -21.2110  -21.0377  -21.0270  -21.0815  
 51  0.0  -24.7050  -23.1394  -22.4631  -23.0317  -22.1127  -21.7772  -21.9284  -21.5476  -21.4151  -21.5394  -21.3478  -21.2789  
 51  0.5  -30.0000  -30.0000  -26.1958  -30.0000  -26.9831  -23.7714  -29.6575  -23.5850  -22.4134  -25.6823  -22.8962  -22.0755  
 52 -0.5  -22.4009  -22.3156  -22.1635  -21.7546  -21.6920  -21.5594  -21.3694  -21.3282  -21.2244  -21.2191  -21.1910  -21.1013  
 52  0.0  -24.8697  -23.2887  -22.4590  -23.1997  -22.2632  -21.7657  -22.0998  -21.6997  -21.4029  -21.7128  -21.5017  -21.2703  
 52  0.5  -28.8051  -28.4793  -26.1121  -27.6765  -26.7777  -23.6989  -26.3115  -23.7103  -22.3537  -25.0679  -23.0241  -22.0200  
 53 -0.5  -23.2431  -23.1884  -23.1591  -22.7506  -22.7084  -22.6923  -22.4100  -22.3826  -22.3871  -22.2113  -22.1953  -22.2096  
 53  0.0  -24.4371  -23.3748  -22.8753  -23.3408  -22.6914  -22.4061  -22.6425  -22.3107  -22.1567  -22.3111  -22.1282  -22.0200  
 53  0.5  -26.2366  -25.9893  -25.2825  -25.8022  -25.4696  -23.8419  -25.5132  -24.0593  -22.9254  -25.1876  -23.4936  -22.6356  
 54 -0.5  -23.4223  -23.3600  -23.2585  -22.9310  -22.8804  -22.7862  -22.5917  -22.5556  -22.4803  -22.3943  -22.3695  -22.3038  
 54  0.0  -24.6113  -23.5427  -22.9719  -23.5162  -22.8592  -22.4949  -22.8192  -22.4791  -22.2429  -22.4890  -22.2973  -22.1057  
 54  0.5  -26.4042  -26.1502  -25.3555  -25.9700  -25.6301  -23.9071  -25.6767  -24.2197  -22.9915  -25.3427  -23.6517  -22.7028  
 55 -0.5  -26.9034  -26.8905  -26.8728  -25.8210  -25.8093  -25.7932  -24.9837  -24.9724  -24.9569  -24.3933  -24.3820  -24.3674  
 55  0.0  -26.1544  -26.0607  -26.0067  -25.0240  -24.9641  -24.9283  -24.1460  -24.1173  -24.0922  -23.5312  -23.5115  -23.4904  
 55  0.5  -25.6144  -25.6377  -25.5108  -24.6903  -24.5230  -24.3845  -23.7783  -23.5958  -23.5261  -23.1087  -22.9916  -22.9414  
 56 -0.5  -23.7051  -23.6939  -23.6529  -23.7662  -23.7609  -23.7304  -23.9485  -23.9502  -23.9321  -24.2273  -24.2361  -24.2245  
 56  0.0  -24.4003  -23.6081  -23.1949  -23.8976  -23.4613  -23.2243  -23.7981  -23.5657  -23.4118  -23.9437  -23.8071  -23.6804  
 56  0.5  -29.5210  -28.7352  -25.0719  -29.2432  -26.5880  -24.3141  -28.9194  -25.1119  -23.9644  -27.4685  -24.8401  -24.1041  
 57 -0.5  -23.4537  -23.4734  -23.4372  -23.5207  -23.5416  -23.5149  -23.7072  -23.7318  -23.7173  -23.9883  -24.0180  -24.0046  
 57  0.0  -24.1544  -23.3899  -22.9800  -23.6574  -23.2440  -23.0101  -23.5635  -23.3501  -23.2146  -23.7160  -23.5967  -23.4852  
 57  0.5  -27.9098  -27.7473  -24.8585  -27.6524  -26.3461  -24.1040  -27.3356  -24.8979  -23.8116  -26.7612  -24.6400  -23.9346  
 58 -0.5  -22.7466  -22.6750  -22.6257  -22.7958  -22.7402  -22.7031  -22.9699  -22.9283  -22.9048  -23.2450  -23.2136  -23.1976  
 58  0.0  -23.4309  -22.5853  -22.1668  -22.9180  -22.4382  -22.1968  -22.8101  -22.5422  -22.3956  -22.9498  -22.7837  -22.6818  
 58  0.5  -28.0671  -27.4501  -24.0398  -27.7646  -25.5520  -23.2836  -27.4430  -24.0834  -23.0049  -26.3878  -23.8906  -23.1418  
 59 -0.5  -22.9242  -22.9130  -22.8720  -22.9853  -22.9799  -22.9495  -23.1676  -23.1693  -23.1513  -23.4464  -23.4554  -23.4454  
 59  0.0  -23.6194  -22.8272  -22.4141  -23.1167  -22.6805  -22.4437  -23.0172  -22.7850  -22.6446  -23.1629  -23.0275  -22.9328  
 59  0.5  -28.7401  -27.9545  -24.2913  -28.4623  -25.8075  -23.5344  -28.1385  -24.3317  -23.2666  -26.6879  -24.1380  -23.3990  
 60 -0.5  -23.4006  -23.4205  -23.3844  -23.4674  -23.4886  -23.4619  -23.6533  -23.6784  -23.6629  -23.9326  -23.9632  -23.9498  
 60  0.0  -24.1004  -23.3364  -22.9265  -23.6022  -23.1896  -22.9553  -23.5056  -23.2933  -23.1477  -23.6506  -23.5320  -23.4353  
 60  0.5  -27.8550  -27.6931  -24.8041  -27.5958  -26.2906  -24.0451  -27.2745  -24.8387  -23.7545  -26.6884  -24.5484  -23.8818  
 61 -0.5  -26.0261  -25.3714  -24.6191  -26.1498  -25.4592  -24.6893  -26.3642  -25.6056  -24.8168  -26.5466  -25.6823  -24.9189  
 61  0.0  -26.1156  -24.7898  -23.7126  -25.7085  -24.6382  -23.7512  -25.6921  -24.7429  -23.9900  -25.7767  -24.8940  -24.1749  
 61  0.5  -26.4096  -25.2310  -24.8077  -25.7689  -25.0449  -24.4836  -25.5071  -24.9463  -24.5042  -25.3843  -25.0097  -24.5512  
 62 -0.5  -25.0690  -24.5475  -23.8999  -25.2144  -24.6648  -24.0355  -25.4585  -24.8541  -24.2385  -25.6827  -24.9786  -24.4097  
 62  0.0  -25.3040  -24.1697  -23.3312  -24.8989  -24.0823  -23.4472  -24.9001  -24.2231  -23.7209  -25.0176  -24.4016  -23.9558  
 62  0.5  -25.7340  -25.0121  -24.6781  -25.3173  -24.8821  -24.3170  -25.1417  -24.7875  -24.3342  -25.0291  -24.6916  -24.4065  
 63 -0.5  -24.1163  -23.9475  -23.5338  -24.2701  -24.0763  -23.6881  -24.5133  -24.2595  -23.9058  -24.7069  -24.3878  -24.0982  
 63  0.0  -24.4905  -23.6314  -23.0515  -24.0482  -23.5468  -23.1845  -24.0384  -23.6854  -23.4644  -24.1644  -23.8858  -23.7523  
 63  0.5  -25.1875  -24.8169  -24.5183  -24.9659  -24.6941  -24.1073  -24.8271  -24.5701  -24.1115  -24.7091  -24.2184  -24.2149  
 64 -0.5  -25.3816  -25.3213  -25.1990  -24.2483  -24.1969  -24.0810  -23.2960  -23.2560  -23.1546  -22.5905  -22.5575  -22.4525  
 64  0.0  -26.8360  -25.7854  -25.2529  -25.1201  -24.4926  -24.1538  -23.7976  -23.5334  -23.3053  -22.9982  -22.8575  -22.6220  
 64  0.5  -30.0000  -30.0000  -27.3054  -30.0000  -27.6124  -25.2221  -28.7039  -24.8225  -23.8574  -26.1127  -24.0165  -23.1584  
 65 -0.5  -25.2117  -25.1850  -25.2835  -24.0798  -24.0635  -24.1753  -23.1280  -23.1231  -23.2495  -22.4245  -22.4256  -22.5443  
 65  0.0  -26.6614  -25.6494  -25.3475  -24.9475  -24.3607  -24.2634  -23.6265  -23.4027  -23.4193  -22.8283  -22.7274  -22.7339  
 65  0.5  -30.0000  -30.0000  -27.4471  -29.9235  -27.4931  -25.3728  -28.4814  -24.6997  -24.0024  -25.9365  -23.8936  -23.3021  
 66 -0.5  -20.2064  -20.2187  -20.4237  -20.2211  -20.2444  -20.4815  -20.2530  -20.2828  -20.5033  -20.2732  -20.2959  -20.3698  
 66  0.0  -20.4725  -20.4900  -20.6912  -20.4533  -20.4724  -20.7086  -20.4453  -20.4707  -20.5980  -20.4392  -20.4626  -20.2947  
 66  0.5  -20.5581  -20.5724  -20.8384  -20.5321  -20.5616  -20.8550  -20.5209  -20.5533  -20.5926  -20.5186  -20.3815  -20.4643  
 67 -0.5  -23.2907  -23.0742  -22.6878  -23.1922  -22.9791  -22.6050  -23.3580  -23.1556  -22.7973  -23.6628  -23.4681  -23.1178  
 67  0.0  -24.4530  -23.4082  -22.6540  -23.7801  -23.1129  -22.5333  -23.6194  -23.1809  -22.6949  -23.7598  -23.4220  -22.9810  
 67  0.5  -30.0000  -28.5336  -24.5879  -30.0000  -26.2292  -23.7112  -30.0000  -24.9349  -23.4917  -27.8584  -24.7673  -23.6560  
 68 -0.5  -22.7133  -22.4813  -22.1016  -22.6144  -22.3858  -22.0192  -22.7802  -22.5623  -22.2114  -23.0851  -22.8748  -22.5319  
 68  0.0  -23.8762  -22.8157  -22.0680  -23.2031  -22.5197  -21.9477  -23.0417  -22.5874  -22.1093  -23.1818  -22.8285  -22.3955  
 68  0.5  -30.0000  -27.9386  -24.0025  -30.0000  -25.6340  -23.1266  -30.0000  -24.3400  -22.9073  -27.2745  -24.1727  -23.0716  
 69 -0.5  -25.9304  -25.9222  -25.9136  -25.1255  -25.1184  -25.1119  -24.7618  -24.7572  -24.7546  -24.6633  -24.6595  -24.6586  
 69  0.0  -25.5812  -25.5062  -25.4675  -24.7396  -24.6921  -24.6686  -24.3276  -24.3089  -24.2990  -24.2130  -24.2014  -24.1960  
 69  0.5  -25.6866  -25.2579  -25.1255  -24.7299  -24.4084  -24.2936  -24.1275  -23.9239  -23.8744  -23.9143  -23.7783  -23.7466  
 70 -0.5  -22.5939  -22.5608  -22.5137  -22.7165  -22.6879  -22.6448  -22.8073  -22.7834  -22.7342  -22.9594  -22.9260  -22.7921  
 70  0.0  -23.3104  -22.6497  -22.3063  -22.9796  -22.6032  -22.3966  -22.8491  -22.6360  -22.4594  -22.9151  -22.7775  -22.4235  
 70  0.5  -24.5733  -24.4075  -23.7176  -24.4422  -24.2259  -23.2537  -24.2847  -23.7688  -22.6812  -24.0483  -22.7516  -22.5401  
 71 -0.5  -22.8969  -22.8641  -22.8171  -23.0162  -22.9879  -22.9447  -23.1007  -23.0766  -23.0220  -23.2337  -23.1955  -23.0357  
 71  0.0  -23.5946  -22.9509  -22.6109  -23.2732  -22.9044  -22.6997  -23.1435  -22.9345  -22.7437  -23.2002  -23.0626  -22.6491  
 71  0.5  -24.7049  -24.5250  -23.9589  -24.5735  -24.3593  -23.5263  -24.4200  -23.9776  -22.8972  -24.1867  -22.9241  -22.7359  
 72 -0.5  -23.4001  -23.3967  -23.3878  -23.4697  -23.4653  -23.4548  -23.5247  -23.5207  -23.5176  -23.5553  -23.5583  -23.5995  
 72  0.0  -23.3565  -23.3622  -23.3657  -23.4290  -23.4331  -23.4369  -23.4868  -23.4922  -23.5131  -23.5207  -23.5365  -23.6381  
 72  0.5  -23.2525  -23.2722  -23.2995  -23.3138  -23.3414  -23.3707  -23.3858  -23.4010  -23.4537  -23.4352  -23.4548  -23.5864  
 73 -0.5  -24.9876  -24.8125  -24.7178  -23.7776  -23.6236  -23.5460  -23.0967  -22.9614  -22.9048  -22.8450  -22.7234  -22.6813  
 73  0.0  -26.3622  -24.8999  -24.3201  -24.0870  -23.3519  -23.0611  -22.9446  -22.5808  -22.4137  -22.5746  -22.3206  -22.1943  
 73  0.5  -30.0000  -29.5942  -26.2792  -30.0000  -25.8590  -23.7650  -30.0000  -23.4565  -22.5901  -25.3200  -22.9568  -22.3161  
 74 -0.5  -24.6917  -24.5403  -24.4516  -23.4786  -23.3476  -23.2760  -22.7940  -22.6817  -22.6316  -22.5392  -22.4408  -22.4055  
 74  0.0  -26.0896  -24.6422  -24.0626  -23.8083  -23.0894  -22.8008  -22.6592  -22.3151  -22.1517  -22.2855  -22.0528  -21.9307  
 74  0.5  -30.0000  -29.3786  -26.0455  -30.0000  -25.6281  -23.5217  -29.8975  -23.2113  -22.3414  -25.0663  -22.7093  -22.0663  
 75 -0.5  -27.1915  -27.1434  -27.0679  -26.0036  -25.9638  -25.8940  -24.9525  -24.9241  -24.8681  -24.2427  -24.2217  -24.1703  
 75  0.0  -28.4262  -27.4913  -27.0633  -26.7350  -26.1923  -25.9291  -25.3604  -25.1331  -24.9629  -24.5479  -24.4241  -24.2693  
 75  0.5  -30.0000  -30.0000  -28.7277  -30.0000  -28.8083  -26.7977  -30.0000  -26.2098  -25.3839  -27.2147  -25.2988  -24.6533  
 76 -0.5  -23.1511  -23.1489  -23.1429  -23.2210  -23.2188  -23.2142  -23.2769  -23.2772  -23.2883  -23.3087  -23.3230  -23.3999  
 76  0.0  -23.1071  -23.1145  -23.1220  -23.1804  -23.1871  -23.1984  -23.2392  -23.2498  -23.2910  -23.2746  -23.3032  -23.4497  
 76  0.5  -22.9989  -23.0245  -23.0608  -23.0628  -23.0975  -23.1404  -23.1374  -23.1631  -23.2486  -23.1906  -23.2399  -23.4280  
 77 -0.5  -27.0731  -27.8378  -28.7227  -25.8995  -26.6865  -27.5875  -25.2320  -26.0390  -26.9599  -24.9814  -25.8031  -26.7377  
 77  0.0  -28.2774  -27.8521  -28.2897  -26.1282  -26.3711  -27.0769  -25.0365  -25.6255  -26.4462  -24.6817  -25.3727  -26.2314  
 77  0.5  -30.0000  -30.0000  -30.0000  -30.0000  -28.6335  -27.6931  -30.0000  -26.3946  -26.5712  -27.2241  -25.9124  -26.3036  
 78 -0.5  -24.7532  -25.2176  -26.0586  -23.5756  -24.0670  -24.9256  -22.9149  -23.4223  -24.3002  -22.6748  -23.1899  -24.0800  
 78  0.0  -25.9058  -25.2202  -25.6209  -23.7432  -23.7392  -24.4091  -22.6650  -22.9951  -23.7792  -22.3213  -22.7443  -23.5652  
 78  0.5  -30.0000  -29.4462  -27.3888  -30.0000  -25.9826  -25.0191  -29.3374  -23.7489  -23.8985  -24.7597  -23.2682  -23.6312  
 79 -0.5  -27.4922  -28.3039  -29.2044  -26.3220  -27.1536  -28.0700  -25.6559  -26.5062  -27.4427  -25.4061  -26.2702  -27.2208  
 79  0.0  -28.6925  -28.3200  -28.7709  -26.5483  -26.8393  -27.5584  -25.4577  -26.0934  -26.9279  -25.1029  -25.8404  -26.7132  
 79  0.5  -30.0000  -30.0000  -30.0000  -30.0000  -29.1054  -28.1748  -30.0000  -26.8663  -27.0529  -27.6491  -26.3837  -26.7852  
 80 -0.5  -22.8622  -22.8571  -22.8429  -22.9325  -22.9266  -22.9152  -22.9889  -22.9870  -23.0017  -23.0222  -23.0434  -23.1485  
 80  0.0  -22.8180  -22.8261  -22.8304  -22.8922  -22.8996  -22.9108  -22.9518  -22.9661  -23.0254  -22.9893  -23.0333  -23.2258  
 80  0.5  -22.7077  -22.7383  -22.7860  -22.7731  -22.8159  -22.8773  -22.8502  -22.8898  -23.0202  -22.9076  -23.0059  -23.2577  
 81 -0.5  -22.9267  -22.9251  -22.9229  -22.7508  -22.7503  -22.7495  -22.6801  -22.6805  -22.6806  -22.6646  -22.6651  -22.6659  
 81  0.0  -22.9676  -22.9433  -22.9288  -22.7658  -22.7591  -22.7554  -22.6812  -22.6833  -22.6842  -22.6639  -22.6662  -22.6691  
 81  0.5  -23.1647  -23.0353  -22.9703  -22.8801  -22.8021  -22.7785  -22.7076  -22.7038  -22.7073  -22.6712  -22.6875  -22.6972  
 82 -0.5  -27.7025  -27.6925  -27.6771  -26.0769  -26.0696  -26.0584  -25.1011  -25.0983  -25.0936  -24.6460  -24.6449  -24.6423  
 82  0.0  -27.4732  -27.3381  -27.2697  -25.7649  -25.6923  -25.6552  -24.7126  -24.6969  -24.6839  -24.2414  -24.2373  -24.2307  
 82  0.5  -27.6712  -27.2512  -27.0478  -25.9766  -25.5444  -25.3582  -24.6644  -24.3921  -24.3450  -23.9616  -23.9218  -23.9064  
 83 -0.5  -30.0000  -30.0000  -30.0000  -26.9773  -26.9402  -26.8781  -25.2280  -25.2011  -25.1508  -23.8387  -23.8173  -23.7619  
 83  0.0  -30.0000  -30.0000  -30.0000  -27.6219  -27.1003  -26.8592  -25.5672  -25.3618  -25.2109  -24.1315  -24.0224  -23.8577  
 83  0.5  -30.0000  -30.0000  -30.0000  -30.0000  -29.5010  -27.5925  -30.0000  -26.3273  -25.5878  -26.6412  -24.9589  -24.2823  
 84 -0.5  -30.0000  -30.0000  -30.0000  -26.5301  -26.4930  -26.4308  -24.7807  -24.7539  -24.7036  -23.3915  -23.3701  -23.3146  
 84  0.0  -30.0000  -30.0000  -29.9486  -27.1747  -26.6530  -26.4120  -25.1200  -24.9146  -24.7637  -23.6843  -23.5752  -23.4104  
 84  0.5  -30.0000  -30.0000  -30.0000  -30.0000  -29.0538  -27.1452  -30.0000  -25.8801  -25.1406  -26.1940  -24.5117  -23.8350  
 85 -0.5  -23.5551  -23.5496  -23.5310  -23.6381  -23.6266  -23.5958  -23.7053  -23.6857  -23.6371  -23.7425  -23.7121  -23.6390  
 85  0.0  -23.4310  -23.4665  -23.4832  -23.5382  -23.5572  -23.5545  -23.6214  -23.6249  -23.5931  -23.6676  -23.6592  -23.5993  
 85  0.5  -23.1587  -23.2496  -23.3299  -23.2530  -23.3554  -23.4118  -23.3522  -23.4457  -23.4488  -23.4314  -23.4639  -23.4669  
 86 -0.5  -23.3948  -23.3879  -23.3651  -23.4764  -23.4628  -23.4269  -23.5422  -23.5198  -23.4656  -23.5784  -23.5446  -23.4658  
 86  0.0  -23.2783  -23.3105  -23.3222  -23.3820  -23.3982  -23.3906  -23.4623  -23.4635  -23.4279  -23.5067  -23.4961  -23.4332  
 86  0.5  -23.0251  -23.1059  -23.1779  -23.1144  -23.2066  -23.2563  -23.2096  -23.2920  -23.2910  -23.2843  -23.3085  -23.3075  
 87 -0.5  -23.4123  -23.4091  -23.3921  -23.4096  -23.4063  -23.3895  -23.4167  -23.4135  -23.3973  -23.4251  -23.4219  -23.4066  
 87  0.0  -23.4200  -23.4157  -23.3962  -23.4127  -23.4101  -23.3907  -23.4168  -23.4140  -23.3954  -23.4229  -23.4199  -23.4030  
 87  0.5  -23.4983  -23.4399  -23.4005  -23.4509  -23.4211  -23.3917  -23.4342  -23.4172  -23.3953  -23.4345  -23.4231  -23.4015  
 88 -0.5  -23.3222  -23.3197  -23.3064  -23.3195  -23.3169  -23.3039  -23.3265  -23.3241  -23.3115  -23.3348  -23.3324  -23.3206  
 88  0.0  -23.3308  -23.3269  -23.3112  -23.3231  -23.3212  -23.3058  -23.3270  -23.3251  -23.3105  -23.3330  -23.3309  -23.3181  
 88  0.5  -23.4129  -23.3533  -23.3189  -23.3643  -23.3340  -23.3096  -23.3470  -23.3295  -23.3126  -23.3466  -23.3351  -23.3186  
 89 -0.5  -21.2576  -21.1909  -21.3529  -21.2211  -21.1624  -21.3517  -21.4281  -21.3768  -21.5780  -21.7600  -21.7128  -21.9168  
 89  0.0  -21.9344  -21.2744  -21.1876  -21.4760  -21.1035  -21.1599  -21.4509  -21.2406  -21.3645  -21.6708  -21.5283  -21.6807  
 89  0.5  -30.0000  -24.6300  -22.4336  -29.2596  -23.1113  -21.9014  -26.2249  -22.3610  -21.8365  -24.5570  -22.3249  -22.0590  
 90 -0.5  -21.1185  -21.2408  -21.6784  -21.0848  -21.2232  -21.6870  -21.2920  -21.4377  -21.9146  -21.6236  -21.7719  -22.2532  
 90  0.0  -21.7962  -21.3356  -21.5185  -21.3420  -21.1759  -21.4998  -21.3174  -21.3126  -21.7060  -21.5366  -21.5977  -22.0221  
 90  0.5  -30.0000  -24.7596  -22.7849  -29.1508  -23.2446  -22.2591  -26.1136  -22.4864  -22.1942  -24.4459  -22.4411  -22.4153  
 91 -0.5  -22.8499  -22.8492  -22.8457  -22.8477  -22.8468  -22.8423  -22.8510  -22.8488  -22.8319  -22.8463  -22.8369  -22.7849  
 91  0.0  -22.8546  -22.8546  -22.8515  -22.8512  -22.8520  -22.8482  -22.8574  -22.8565  -22.8168  -22.8618  -22.8548  -22.7555  
 91  0.5  -22.8844  -22.8685  -22.8632  -22.8651  -22.8605  -22.8560  -22.8602  -22.8632  -22.8110  -22.8701  -22.8069  -22.7934  
 92 -0.5  -23.4690  -23.4662  -23.4560  -23.5474  -23.5414  -23.5245  -23.6106  -23.6002  -23.5728  -23.6458  -23.6296  -23.5874  
 92  0.0  -23.3770  -23.3997  -23.4106  -23.4688  -23.4813  -23.4803  -23.5405  -23.5431  -23.5236  -23.5801  -23.5755  -23.5353  
 92  0.5  -23.1952  -23.2397  -23.2835  -23.2673  -23.3223  -23.3529  -23.3481  -23.3919  -23.3886  -23.4073  -23.4082  -23.4083  
 93 -0.5  -22.7130  -22.7123  -22.7091  -22.7106  -22.7097  -22.7056  -22.7138  -22.7117  -22.6951  -22.7089  -22.6995  -22.6490  
 93  0.0  -22.7183  -22.7180  -22.7151  -22.7145  -22.7151  -22.7117  -22.7204  -22.7195  -22.6802  -22.7247  -22.7177  -22.6218  
 93  0.5  -22.7515  -22.7336  -22.7278  -22.7312  -22.7249  -22.7202  -22.7257  -22.7270  -22.6753  -22.7348  -22.6709  -22.6589  
 94 -0.5  -22.0597  -22.0355  -22.0050  -21.9016  -21.8809  -21.8545  -21.7832  -21.7676  -21.7493  -21.7199  -21.7085  -21.6952  
 94  0.0  -22.6872  -22.1205  -21.8394  -22.1716  -21.8419  -21.6774  -21.8733  -21.7011  -21.6009  -21.7483  -21.6477  -21.5736  
 94  0.5  -28.0033  -25.4639  -23.0438  -27.3522  -23.8141  -22.3503  -26.4701  -22.6133  -21.9191  -24.0357  -22.2591  -21.7857  
 95 -0.5  -22.5018  -22.4868  -22.4476  -22.5726  -22.5537  -22.5178  -22.6294  -22.6141  -22.6187  -22.6638  -22.6846  -22.8067  
 95  0.0  -22.4530  -22.4597  -22.4468  -22.5295  -22.5324  -22.5288  -22.5909  -22.6019  -22.6690  -22.6302  -22.6899  -22.9233  
 95  0.5  -22.3304  -22.3687  -22.4302  -22.3986  -22.4529  -22.5373  -22.4789  -22.5392  -22.7186  -22.5419  -22.7181  -23.0036  
 96 -0.5  -22.5578  -22.5571  -22.5540  -22.5553  -22.5544  -22.5504  -22.5583  -22.5562  -22.5397  -22.5531  -22.5437  -22.4952  
 96  0.0  -22.5636  -22.5631  -22.5603  -22.5596  -22.5601  -22.5568  -22.5653  -22.5643  -22.5251  -22.5694  -22.5622  -22.4716  
 96  0.5  -22.5996  -22.5801  -22.5738  -22.5786  -22.5709  -22.5659  -22.5725  -22.5725  -22.5218  -22.5811  -22.5172  -22.5073  
 97 -0.5  -30.0000  -30.0000  -30.0000  -30.0000  -30.0000  -30.0000  -30.0000  -30.0000  -30.0000  -30.0000  -30.0000  -30.0000  
 97  0.0  -30.0000  -30.0000  -30.0000  -30.0000  -30.0000  -30.0000  -30.0000  -30.0000  -30.0000  -30.0000  -30.0000  -30.0000  
 97  0.5  -25.7573  -25.6374  -25.1862  -25.6612  -25.5150  -25.0169  -25.6059  -25.3927  -25.0535  -25.5914  -25.4219  -25.2481  
 98 -0.5  -22.6022  -22.5780  -22.5475  -22.4442  -22.4234  -22.3970  -22.3258  -22.3101  -22.2918  -22.2625  -22.2510  -22.2378  
 98  0.0  -23.2297  -22.6631  -22.3819  -22.7141  -22.3844  -22.2199  -22.4159  -22.2436  -22.1434  -22.2908  -22.1902  -22.1154  
 98  0.5  -28.5459  -26.0064  -23.5864  -27.8947  -24.3566  -22.8928  -27.0126  -23.1558  -22.4616  -24.5782  -22.8016  -22.3282  
 99 -0.5  -30.0000  -30.0000  -30.0000  -30.0000  -30.0000  -30.0000  -30.0000  -30.0000  -30.0000  -30.0000  -30.0000  -30.0000  
 99  0.0  -30.0000  -30.0000  -30.0000  -30.0000  -30.0000  -30.0000  -30.0000  -30.0000  -30.0000  -30.0000  -30.0000  -30.0000  
 99  0.5  -25.8361  -25.7450  -25.3840  -25.7523  -25.6447  -25.2358  -25.7094  -25.5554  -25.2680  -25.7109  -25.5846  -25.4328  
100 -0.5  -23.5281  -23.5229  -23.5064  -23.6010  -23.5923  -23.5687  -23.6589  -23.6454  -23.6095  -23.6877  -23.6674  -23.6106  
100  0.0  -23.4695  -23.4781  -23.4753  -23.5486  -23.5504  -23.5384  -23.6118  -23.6066  -23.5685  -23.6462  -23.6342  -23.5558  
100  0.5  -23.3349  -23.3610  -23.3830  -23.4000  -23.4317  -23.4419  -23.4743  -23.4895  -23.4512  -23.5262  -23.4757  -23.4621  
101 -0.5  -22.6088  -22.5845  -22.5540  -22.4507  -22.4299  -22.4035  -22.3323  -22.3166  -22.2983  -22.2690  -22.2575  -22.2443  
101  0.0  -23.2362  -22.6696  -22.3884  -22.7206  -22.3909  -22.2265  -22.4224  -22.2501  -22.1499  -22.2973  -22.1967  -22.1219  
101  0.5  -28.5524  -26.0129  -23.5929  -27.9012  -24.3631  -22.8993  -27.0191  -23.1623  -22.4681  -24.5847  -22.8081  -22.3347  
102 -0.5  -22.4095  -22.4088  -22.4058  -22.4069  -22.4060  -22.4021  -22.4098  -22.4076  -22.3911  -22.4043  -22.3947  -22.3499  
102  0.0  -22.4157  -22.4151  -22.4123  -22.4115  -22.4119  -22.4086  -22.4171  -22.4160  -22.3772  -22.4211  -22.4138  -22.3319  
102  0.5  -22.4532  -22.4329  -22.4262  -22.4317  -22.4233  -22.4181  -22.4254  -22.4247  -22.3762  -22.4337  -22.3714  -22.3653  
103 -0.5  -23.2478  -23.2440  -23.2304  -23.3264  -23.3185  -23.2967  -23.3896  -23.3762  -23.3420  -23.4246  -23.4039  -23.3513  
103  0.0  -23.1543  -23.1773  -23.1866  -23.2469  -23.2589  -23.2550  -23.3191  -23.3204  -23.2959  -23.3588  -23.3517  -23.3013  
103  0.5  -22.9672  -23.0143  -23.0594  -23.0406  -23.0979  -23.1287  -23.1225  -23.1682  -23.1620  -23.1826  -23.1828  -23.1776  
104 -0.5  -22.8149  -22.6436  -22.3441  -22.9452  -22.7696  -22.4839  -23.1812  -23.0078  -22.7340  -23.5002  -23.3305  -23.0630  
104  0.0  -23.2258  -22.5389  -22.0019  -22.9828  -22.5266  -22.1081  -23.0334  -22.7049  -22.3480  -23.2608  -22.9910  -22.6639  
104  0.5  -27.3105  -25.3980  -22.8826  -27.0650  -24.1523  -22.5491  -26.6410  -23.5001  -22.5392  -25.5273  -23.5092  -22.7792  
105 -0.5  -23.3251  -23.1563  -22.8521  -23.4555  -23.2825  -22.9917  -23.6916  -23.5208  -23.2418  -24.0112  -23.8441  -23.5718  
105  0.0  -23.7326  -23.0502  -22.5091  -23.4912  -23.0387  -22.6154  -23.5432  -23.2176  -22.8555  -23.7716  -23.5041  -23.1722  
105  0.5  -28.2510  -25.9066  -23.3859  -28.0198  -24.6594  -23.0536  -27.4289  -24.0089  -23.0448  -26.0704  -24.0246  -23.2860  
106 -0.5  -22.2045  -22.2037  -22.2008  -22.2018  -22.2009  -22.1970  -22.2047  -22.2025  -22.1864  -22.1989  -22.1893  -22.1527  
106  0.0  -22.2105  -22.2100  -22.2073  -22.2064  -22.2068  -22.2036  -22.2121  -22.2110  -22.1735  -22.2160  -22.2086  -22.1436  
106  0.5  -22.2468  -22.2271  -22.2208  -22.2256  -22.2178  -22.2129  -22.2195  -22.2194  -22.1767  -22.2281  -22.1717  -22.1726  
107 -0.5  -25.8451  -25.8413  -25.8373  -25.6486  -25.6461  -25.6436  -25.5551  -25.5549  -25.5550  -25.5660  -25.5685  -25.5755  
107  0.0  -24.8925  -24.8986  -24.9059  -24.6960  -24.7031  -24.7059  -24.5907  -24.5979  -24.5996  -24.5870  -24.5942  -24.6034  
107  0.5  -24.0278  -24.1924  -24.2253  -23.9546  -24.0072  -24.0099  -23.8177  -23.8653  -23.8770  -23.7662  -23.8254  -23.8479  
108 -0.5  -21.9378  -21.9351  -21.9296  -21.9343  -21.9316  -21.9256  -21.9375  -21.9341  -21.9181  -21.9327  -21.9228  -21.9035  
108  0.0  -21.9536  -21.9536  -21.9499  -21.9502  -21.9505  -21.9460  -21.9561  -21.9545  -21.9199  -21.9601  -21.9522  -21.9147  
108  0.5  -21.9838  -21.9676  -21.9633  -21.9640  -21.9595  -21.9560  -21.9590  -21.9623  -21.9324  -21.9691  -21.9273  -21.9391  
109 -0.5  -24.2921  -24.2327  -24.1596  -23.2674  -23.2200  -23.1573  -22.7248  -22.6915  -22.6485  -22.4863  -22.4614  -22.4275  
109  0.0  -25.9486  -24.7795  -24.2596  -24.2250  -23.5652  -23.2611  -23.2626  -22.9638  -22.7837  -22.8944  -22.7236  -22.5830  
109  0.5  -30.0000  -29.2553  -26.4423  -28.7283  -26.8547  -24.4654  -27.5635  -24.4993  -23.4606  -26.3417  -23.9720  -23.1919  
110 -0.5  -29.3771  -29.3716  -29.3609  -27.7659  -27.7604  -27.7505  -26.7484  -26.7439  -26.7360  -26.1591  -26.1540  -26.1465  
110  0.0  -28.5677  -28.5512  -28.5300  -26.9567  -26.9383  -26.9224  -25.9087  -25.9074  -25.9007  -25.3308  -25.3271  -25.3212  
110  0.5  -27.5261  -27.6221  -27.6345  -26.1449  -26.0805  -26.0410  -24.9583  -25.0183  -25.0199  -24.4210  -24.4600  -24.4643  
111 -0.5  -23.0215  -23.0152  -22.9942  -23.1006  -23.0885  -23.0564  -23.1641  -23.1446  -23.0965  -23.1992  -23.1695  -23.0984  
111  0.0  -22.9233  -22.9475  -22.9535  -23.0181  -23.0296  -23.0197  -23.0917  -23.0908  -23.0568  -23.1321  -23.1207  -23.0547  
111  0.5  -22.7239  -22.7767  -22.8257  -22.7999  -22.8631  -22.8954  -22.8839  -22.9355  -22.9259  -22.9464  -22.9482  -22.9373  
112 -0.5  -24.5958  -24.6010  -24.5968  -24.7821  -24.7953  -24.7998  -24.9582  -24.9793  -24.9946  -25.2597  -25.2869  -25.3098  
112  0.0  -25.2301  -24.6097  -24.3246  -24.9509  -24.6162  -24.4680  -24.8874  -24.7188  -24.6379  -25.0787  -24.9884  -24.9430  
112  0.5  -28.8821  -27.2636  -25.4891  -28.9581  -26.5098  -25.2536  -28.8311  -26.0353  -25.1271  -28.1203  -25.9633  -25.3166  
113 -0.5  -25.8195  -25.8161  -25.8090  -25.0293  -25.0265  -25.0210  -24.6780  -24.6769  -24.6743  -24.5889  -24.5881  -24.5865  
113  0.0  -25.3612  -25.3430  -25.3285  -24.5635  -24.5512  -24.5415  -24.1812  -24.1808  -24.1783  -24.0806  -24.0806  -24.0804  
113  0.5  -25.1530  -24.9140  -24.8754  -24.2869  -24.1229  -24.0839  -23.7369  -23.6964  -23.6907  -23.5789  -23.5705  -23.5693  
114 -0.5  -23.2322  -23.2106  -23.2226  -23.0000  -22.9924  -23.0192  -23.0959  -23.0996  -23.1413  -23.3802  -23.3903  -23.4394  
114  0.0  -23.7993  -22.9500  -22.6284  -22.8044  -22.4438  -22.3275  -22.5847  -22.4434  -22.4110  -22.7528  -22.6829  -22.6838  
114  0.5  -30.0000  -25.9207  -23.8462  -29.4320  -23.9304  -22.6582  -26.6667  -22.9563  -22.3924  -24.9071  -22.9398  -22.5900  
115 -0.5  -30.0000  -30.0000  -30.0000  -29.3562  -29.3451  -29.3294  -27.9754  -27.9650  -27.9509  -26.8730  -26.8639  -26.8522  
115  0.0  -30.0000  -29.9405  -29.8860  -28.5806  -28.5092  -28.4692  -27.1805  -27.1480  -27.1209  -26.0714  -26.0532  -26.0294  
115  0.5  -30.0000  -30.0000  -29.5610  -28.4733  -28.1148  -27.9280  -27.0759  -26.6810  -26.5940  -25.7832  -25.6369  -25.5675  
116 -0.5  -22.7496  -22.7484  -22.7466  -22.5764  -22.5763  -22.5757  -22.5084  -22.5089  -22.5091  -22.4959  -22.4966  -22.4975  
116  0.0  -22.7765  -22.7586  -22.7479  -22.5803  -22.5780  -22.5764  -22.5001  -22.5042  -22.5062  -22.4859  -22.4893  -22.4934  
116  0.5  -22.9405  -22.8266  -22.7740  -22.6625  -22.6017  -22.5878  -22.4943  -22.5126  -22.5213  -22.4720  -22.4994  -22.5134  
117 -0.5  -26.0804  -26.0539  -26.0577  -24.9645  -24.9433  -24.9528  -23.9774  -23.9641  -23.9829  -23.3308  -23.3226  -23.3446  
117  0.0  -26.7616  -26.1266  -25.8941  -25.2997  -24.9373  -24.8186  -24.0877  -23.9398  -23.8890  -23.3617  -23.2863  -23.2501  
117  0.5  -30.0000  -28.7673  -26.8282  -30.0000  -26.4958  -25.2621  -29.1365  -24.5203  -24.0384  -25.0234  -23.7148  -23.3691  
118 -0.5  -26.2289  -26.1929  -26.1182  -25.1101  -25.0791  -25.0075  -24.1199  -24.0970  -24.0356  -23.4698  -23.4524  -23.3966  
118  0.0  -26.9184  -26.2711  -25.9528  -25.4550  -25.0793  -24.8705  -24.2405  -24.0802  -23.9385  -23.5124  -23.4253  -23.2994  
118  0.5  -30.0000  -28.8995  -26.8674  -30.0000  -26.6345  -25.2985  -29.2754  -24.6630  -24.0767  -25.1782  -23.8576  -23.4075  
119 -0.5  -21.6965  -21.6937  -21.6882  -21.6937  -21.6910  -21.6851  -21.6976  -21.6941  -21.6810  -21.6929  -21.6844  -21.6907  
119  0.0  -21.7089  -21.7113  -21.7087  -21.7077  -21.7093  -21.7053  -21.7151  -21.7140  -21.6886  -21.7197  -21.7120  -21.7047  
119  0.5  -21.7225  -21.7155  -21.7169  -21.7066  -21.7110  -21.7116  -21.7045  -21.7169  -21.7099  -21.7185  -21.7044  -21.7224  
120 -0.5  -23.5902  -23.5855  -23.5695  -23.6699  -23.6609  -23.6360  -23.7343  -23.7195  -23.6822  -23.7703  -23.7482  -23.6940  
120  0.0  -23.4898  -23.5155  -23.5252  -23.5855  -23.5990  -23.5943  -23.6601  -23.6620  -23.6363  -23.7014  -23.6948  -23.6428  
120  0.5  -23.2874  -23.3419  -23.3940  -23.3640  -23.4297  -23.4663  -23.4488  -23.5043  -23.5022  -23.5125  -23.5214  -23.5218  
121 -0.5  -22.8119  -22.7779  -22.7452  -21.9002  -21.8727  -21.8466  -21.4499  -21.4307  -21.4163  -21.2852  -21.2707  -21.2620  
121  0.0  -23.4631  -22.8255  -22.5618  -22.1662  -21.8187  -21.6679  -21.4878  -21.3312  -21.2477  -21.2546  -21.1634  -21.1025  
121  0.5  -29.8718  -25.3049  -23.4149  -28.2760  -23.2648  -22.0578  -25.8388  -21.9031  -21.3609  -23.1074  -21.5470  -21.1695  
122 -0.5  -22.3371  -22.3031  -22.2704  -21.4255  -21.3980  -21.3718  -20.9751  -20.9559  -20.9416  -20.8105  -20.7959  -20.7872  
122  0.0  -22.9883  -22.3507  -22.0871  -21.6914  -21.3440  -21.1932  -21.0130  -20.8565  -20.7730  -20.7799  -20.6887  -20.6278  
122  0.5  -29.3971  -24.8302  -22.9401  -27.8012  -22.7900  -21.5831  -25.3641  -21.4284  -20.8862  -22.6326  -21.0722  -20.6948  
123 -0.5  -23.2523  -23.2439  -23.2182  -23.3257  -23.3123  -23.2777  -23.3838  -23.3645  -23.3162  -23.4129  -23.3857  -23.3158  
123  0.0  -23.1899  -23.1990  -23.1902  -23.2707  -23.2713  -23.2513  -23.3350  -23.3271  -23.2800  -23.3700  -23.3544  -23.2634  
123  0.5  -23.0463  -23.0766  -23.1017  -23.1131  -23.1495  -23.1609  -23.1891  -23.2093  -23.1690  -23.2428  -23.1953  -23.1793  
124 -0.5  -23.2005  -23.0947  -23.0460  -23.4362  -23.3299  -23.2870  -23.7703  -23.6597  -23.6078  -24.1505  -24.0347  -23.9602  
124  0.0  -22.9747  -22.4748  -22.2798  -22.8343  -22.5710  -22.4808  -23.0499  -22.8632  -22.8104  -23.3766  -23.2169  -23.1692  
124  0.5  -26.5905  -24.6822  -22.7881  -26.4412  -23.6546  -22.5935  -25.9459  -23.4345  -22.8050  -25.2806  -23.5008  -23.1075  
125 -0.5  -23.2855  -23.2759  -23.4257  -23.6111  -23.6120  -23.7674  -24.0014  -24.0186  -24.1505  -24.4158  -24.4622  -24.4952  
125  0.0  -23.4457  -23.0349  -23.0252  -23.4699  -23.2571  -23.3972  -23.7395  -23.6316  -23.8837  -24.0800  -24.0772  -24.2839  
125  0.5  -25.3763  -25.0208  -23.6067  -25.2565  -24.4970  -23.6630  -25.1375  -24.3665  -23.8450  -24.9991  -24.1290  -24.0501  
126 -0.5  -23.1340  -23.2308  -23.5348  -23.4653  -23.5729  -23.8698  -23.8705  -23.9906  -24.2481  -24.3410  -24.4975  -24.6306  
126  0.0  -23.2995  -23.0272  -23.1903  -23.3301  -23.2621  -23.5670  -23.6087  -23.6493  -24.0747  -23.9716  -24.1246  -24.4941  
126  0.5  -25.5878  -25.1248  -23.7829  -25.4797  -24.5287  -23.8501  -25.3688  -24.4151  -24.0703  -25.2387  -24.3132  -24.2923  
127 -0.5  -23.3600  -23.3379  -23.3446  -23.1363  -23.1277  -23.1488  -23.2382  -23.2405  -23.2759  -23.5265  -23.5348  -23.5772  
127  0.0  -23.8520  -23.0395  -22.7289  -22.8891  -22.5492  -22.4364  -22.6908  -22.5582  -22.5250  -22.8705  -22.8046  -22.8026  
127  0.5  -30.0000  -25.7618  -23.8402  -28.9916  -23.8810  -22.6985  -26.4265  -22.9803  -22.4535  -24.8402  -22.9836  -22.6586  
128 -0.5  -30.0000  -30.0000  -30.0000  -30.0000  -30.0000  -30.0000  -30.0000  -30.0000  -30.0000  -30.0000  -30.0000  -30.0000  
128  0.0  -30.0000  -30.0000  -30.0000  -30.0000  -30.0000  -30.0000  -30.0000  -30.0000  -30.0000  -30.0000  -30.0000  -30.0000  
128  0.5  -30.0000  -30.0000  -30.0000  -30.0000  -30.0000  -30.0000  -30.0000  -30.0000  -30.0000  -30.0000  -30.0000  -30.0000  
129 -0.5  -30.0000  -30.0000  -30.0000  -28.7423  -28.7104  -28.6546  -26.9342  -26.8964  -26.8424  -25.2969  -25.2562  -25.1847  
129  0.0  -30.0000  -30.0000  -30.0000  -28.6743  -28.2530  -28.0534  -26.6041  -26.4336  -26.3030  -24.9271  -24.8243  -24.6741  
129  0.5  -30.0000  -30.0000  -30.0000  -30.0000  -29.7791  -28.2535  -30.0000  -26.7606  -26.2233  -26.2631  -25.1424  -24.6559  
130 -0.5  -23.8142  -23.7721  -23.6846  -23.7782  -23.7423  -23.6568  -23.9791  -23.9493  -23.8717  -24.3068  -24.2791  -24.2048  
130  0.0  -24.2889  -23.5893  -23.2059  -23.7835  -23.3933  -23.1449  -23.7151  -23.5062  -23.3318  -23.9067  -23.7734  -23.6341  
130  0.5  -28.0914  -27.1734  -24.2836  -27.8159  -25.4538  -23.6149  -27.6551  -24.4750  -23.4890  -26.8133  -24.3958  -23.6993  
131 -0.5  -22.6313  -22.6125  -22.5579  -22.7112  -22.6802  -22.6054  -22.7753  -22.7294  -22.6309  -22.8100  -22.7465  -22.6189  
131  0.0  -22.5223  -22.5473  -22.5335  -22.6223  -22.6285  -22.5903  -22.6994  -22.6875  -22.6184  -22.7414  -22.7141  -22.6053  
131  0.5  -22.2934  -22.3601  -22.4189  -22.3759  -22.4536  -22.4887  -22.4653  -22.5316  -22.5121  -22.5338  -22.5413  -22.5178  
132 -0.5  -30.0000  -30.0000  -30.0000  -28.5690  -28.5370  -28.4813  -26.7609  -26.7231  -26.6691  -25.1236  -25.0829  -25.0114  
132  0.0  -30.0000  -30.0000  -30.0000  -28.5010  -28.0797  -27.8801  -26.4308  -26.2603  -26.1297  -24.7538  -24.6510  -24.5008  
132  0.5  -30.0000  -30.0000  -30.0000  -30.0000  -29.6058  -28.0802  -30.0000  -26.5873  -26.0500  -26.0898  -24.9691  -24.4825  
133 -0.5  -22.0642  -22.0427  -21.9938  -22.3408  -22.3190  -22.2619  -22.6880  -22.6599  -22.5801  -23.0909  -23.0569  -22.8984  
133  0.0  -22.5003  -22.0856  -21.8240  -22.4551  -22.2342  -22.0708  -22.6611  -22.5154  -22.3960  -22.9636  -22.8566  -22.6445  
133  0.5  -29.3896  -24.7432  -22.7857  -27.9551  -23.9249  -22.7557  -26.1321  -23.7774  -22.8870  -25.4717  -23.3640  -22.9124  
134 -0.5  -23.8869  -23.8676  -23.8334  -23.5370  -23.5257  -23.4984  -23.3190  -23.3169  -23.3022  -23.2620  -23.2666  -23.2595  
134  0.0  -24.5884  -23.9250  -23.6083  -23.8339  -23.4519  -23.2639  -23.3849  -23.2034  -23.0933  -23.2497  -23.1525  -23.0723  
134  0.5  -30.0000  -27.4351  -24.8634  -29.7446  -25.5330  -23.9296  -28.6541  -24.1162  -23.3769  -25.6390  -23.7806  -23.2685  
135 -0.5  -22.5598  -22.5384  -22.4894  -22.8364  -22.8147  -22.7575  -23.1836  -23.1555  -23.0757  -23.5865  -23.5524  -23.3920  
135  0.0  -22.9959  -22.5812  -22.3196  -22.9507  -22.7298  -22.5664  -23.1568  -23.0110  -22.8911  -23.4592  -23.3522  -23.1180  
135  0.5  -29.8852  -25.2388  -23.2813  -28.4507  -24.4206  -23.2513  -26.6277  -24.2730  -23.3737  -25.9674  -23.8010  -23.3652  
136 -0.5  -30.0000  -30.0000  -30.0000  -30.0000  -30.0000  -30.0000  -30.0000  -30.0000  -30.0000  -30.0000  -30.0000  -30.0000  
136  0.0  -30.0000  -30.0000  -30.0000  -30.0000  -30.0000  -30.0000  -30.0000  -30.0000  -30.0000  -30.0000  -30.0000  -30.0000  
136  0.5  -30.0000  -30.0000  -30.0000  -30.0000  -30.0000  -30.0000  -30.0000  -30.0000  -30.0000  -30.0000  -30.0000  -30.0000  
137 -0.5  -22.5413  -22.5206  -22.5285  -22.5845  -22.5664  -22.5778  -22.8381  -22.8206  -22.8285  -23.1985  -23.1786  -23.1765  
137  0.0  -22.3787  -22.0090  -21.8698  -22.1563  -21.9613  -21.8994  -22.2651  -22.1639  -22.1394  -22.5619  -22.4950  -22.4856  
137  0.5  -26.7520  -23.3351  -21.9464  -25.9582  -22.4936  -21.6826  -24.4407  -22.1895  -21.7657  -23.7022  -22.3307  -22.0691  
138 -0.5  -21.2640  -21.2596  -21.2522  -21.2632  -21.2594  -21.2519  -21.2699  -21.2654  -21.2426  -21.2672  -21.2540  -21.1663  
138  0.0  -21.2779  -21.2854  -21.2840  -21.2819  -21.2859  -21.2819  -21.2925  -21.2921  -21.2371  -21.2985  -21.2899  -21.1200  
138  0.5  -21.2503  -21.2667  -21.2815  -21.2446  -21.2707  -21.2809  -21.2497  -21.2842  -21.2138  -21.2731  -21.2013  -21.1776  
139 -0.5  -22.1253  -22.1047  -22.1126  -22.1686  -22.1505  -22.1619  -22.4222  -22.4047  -22.4126  -22.7826  -22.7626  -22.7606  
139  0.0  -21.9628  -21.5931  -21.4539  -21.7404  -21.5454  -21.4835  -21.8492  -21.7480  -21.7235  -22.1460  -22.0791  -22.0697  
139  0.5  -26.3361  -22.9192  -21.5305  -25.5423  -22.0777  -21.2667  -24.0248  -21.7736  -21.3498  -23.2863  -21.9148  -21.6532  
140 -0.5  -23.2407  -23.2310  -23.2006  -23.3220  -23.3053  -23.2621  -23.3878  -23.3624  -23.3030  -23.4246  -23.3890  -23.3092  
140  0.0  -23.1285  -23.1575  -23.1610  -23.2298  -23.2430  -23.2276  -23.3084  -23.3069  -23.2667  -23.3519  -23.3399  -23.2673  
140  0.5  -22.8965  -22.9655  -23.0294  -22.9798  -23.0610  -23.1048  -23.0702  -23.1425  -23.1400  -23.1405  -23.1608  -23.1588  
141 -0.5  -21.8169  -21.9312  -22.2881  -21.9974  -22.1314  -22.5206  -22.2724  -22.4171  -22.8179  -22.6231  -22.7757  -23.1737  
141  0.0  -21.8943  -21.7180  -21.9816  -21.8206  -21.8133  -22.1912  -21.9699  -22.0499  -22.4939  -22.2543  -22.3713  -22.8500  
141  0.5  -26.8434  -23.4383  -22.4880  -25.9092  -22.7307  -22.4065  -24.4291  -22.4514  -22.5312  -23.6300  -22.5761  -22.8184  
142 -0.5  -21.9494  -21.9289  -22.1251  -22.1252  -22.1129  -22.3478  -22.3976  -22.3899  -22.6423  -22.7455  -22.7408  -22.9928  
142  0.0  -22.0214  -21.6858  -21.7807  -21.9432  -21.7699  -21.9808  -22.0909  -22.0015  -22.2754  -22.3749  -22.3212  -22.6198  
142  0.5  -26.5019  -23.3437  -22.2635  -25.8556  -22.6354  -22.1773  -24.5130  -22.3585  -22.2974  -23.7241  -22.4826  -22.5785  
143 -0.5  -23.4090  -23.2939  -23.0572  -23.4631  -23.3053  -23.0360  -23.4972  -23.2884  -22.9695  -23.4939  -23.2038  -22.8423  
143  0.0  -23.3972  -23.3183  -23.0867  -23.4510  -23.3238  -23.0548  -23.4840  -23.3014  -22.9622  -23.4808  -23.2095  -22.8252  
143  0.5  -23.3018  -23.2597  -23.1264  -23.3466  -23.2701  -23.0524  -23.3878  -23.2265  -22.8943  -23.3807  -23.0102  -22.7798  
144 -0.5  -22.7934  -22.7781  -22.7578  -22.7173  -22.7046  -22.6872  -22.6822  -22.6729  -22.6613  -22.7460  -22.7398  -22.7335  
144  0.0  -22.9383  -22.6014  -22.4393  -22.6525  -22.4625  -22.3667  -22.5115  -22.4141  -22.3561  -22.5332  -22.4759  -22.4359  
144  0.5  -30.0000  -24.2258  -22.8739  -26.7790  -23.3436  -22.5236  -25.1614  -22.7317  -22.3187  -23.8426  -22.5993  -22.3309  
145 -0.5  -24.1486  -23.4834  -23.2541  -24.3769  -23.7267  -23.5079  -24.7163  -24.0656  -23.8363  -25.0960  -24.4476  -24.2068  
145  0.0  -23.6133  -22.7044  -22.4127  -23.5416  -22.8449  -22.6379  -23.8233  -23.1689  -22.9832  -24.1920  -23.5450  -23.3703  
145  0.5  -29.2545  -24.1774  -22.5862  -27.6531  -23.4094  -22.4914  -25.9484  -23.3382  -22.7528  -25.3678  -23.5224  -23.1103  
146 -0.5  -23.6540  -23.4375  -23.0511  -23.5555  -23.3424  -22.9684  -23.7213  -23.5190  -23.1606  -24.0261  -23.8315  -23.4811  
146  0.0  -24.8163  -23.7716  -23.0173  -24.1434  -23.4763  -22.8966  -23.9827  -23.5442  -23.0583  -24.1231  -23.7853  -23.3443  
146  0.5  -30.0000  -28.8969  -24.9512  -30.0000  -26.5925  -24.0746  -30.0000  -25.2982  -23.8550  -28.2217  -25.1306  -24.0192  
147 -0.5  -23.1882  -22.9562  -22.5765  -23.0894  -22.8607  -22.4941  -23.2551  -23.0372  -22.6863  -23.5600  -23.3497  -23.0067  
147  0.0  -24.3511  -23.2906  -22.5429  -23.6780  -22.9946  -22.4226  -23.5166  -23.0623  -22.5842  -23.6567  -23.3034  -22.8701  
147  0.5  -30.0000  -28.4135  -24.4774  -30.0000  -26.1089  -23.6015  -30.0000  -24.8149  -23.3822  -27.7494  -24.6476  -23.5463  
148 -0.5  -26.3781  -26.3706  -26.3617  -25.5732  -25.5668  -25.5599  -25.2095  -25.2056  -25.2026  -25.1111  -25.1079  -25.1066  
148  0.0  -26.0289  -25.9546  -25.9156  -25.1873  -25.1405  -25.1167  -24.7753  -24.7573  -24.7470  -24.6607  -24.6498  -24.6440  
148  0.5  -26.1480  -25.7064  -25.5735  -25.1913  -24.8568  -24.7416  -24.5869  -24.3724  -24.3224  -24.3656  -24.2267  -24.1946  
149 -0.5  -23.4376  -23.2211  -22.8348  -23.3391  -23.1260  -22.7520  -23.5049  -23.3026  -22.9442  -23.8097  -23.6151  -23.2648  
149  0.0  -24.5999  -23.5552  -22.8009  -23.9270  -23.2599  -22.6803  -23.7663  -23.3278  -22.8419  -23.9067  -23.5689  -23.1279  
149  0.5  -30.0000  -28.6805  -24.7348  -30.0000  -26.3761  -23.8582  -30.0000  -25.0818  -23.6387  -28.0054  -24.9142  -23.8029  
150 -0.5  -23.4622  -23.2302  -22.8504  -23.3633  -23.1347  -22.7680  -23.5291  -23.3111  -22.9603  -23.8339  -23.6237  -23.2807  
150  0.0  -24.6251  -23.5646  -22.8169  -23.9520  -23.2686  -22.6966  -23.7906  -23.3363  -22.8582  -23.9307  -23.5774  -23.1441  
150  0.5  -30.0000  -28.6875  -24.7514  -30.0000  -26.3829  -23.8755  -30.0000  -25.0889  -23.6562  -28.0234  -24.9215  -23.8203  
151 -0.5  -23.4354  -23.4201  -23.3998  -23.3594  -23.3466  -23.3292  -23.3242  -23.3149  -23.3033  -23.3880  -23.3818  -23.3755  
151  0.0  -23.5803  -23.2434  -23.0813  -23.2945  -23.1046  -23.0087  -23.1535  -23.0561  -22.9981  -23.1752  -23.1179  -23.0779  
151  0.5  -30.0000  -24.8678  -23.5159  -27.4210  -23.9856  -23.1656  -25.8034  -23.3737  -22.9607  -24.4846  -23.2413  -22.9729  
152 -0.5  -23.5503  -23.5506  -23.5492  -23.5536  -23.5536  -23.5518  -23.5635  -23.5626  -23.5521  -23.5681  -23.5624  -23.5238  
152  0.0  -23.5275  -23.5398  -23.5449  -23.5351  -23.5441  -23.5463  -23.5494  -23.5536  -23.5288  -23.5599  -23.5579  -23.4760  
152  0.5  -23.5013  -23.5114  -23.5280  -23.4914  -23.5157  -23.5301  -23.4946  -23.5314  -23.5046  -23.5175  -23.4988  -23.4953  
153 -0.5  -22.8918  -22.8666  -22.8226  -22.6269  -22.6047  -22.5659  -22.4798  -22.4619  -22.4303  -22.4811  -22.4664  -22.4394  
153  0.0  -22.9495  -22.6016  -22.4203  -22.4696  -22.2684  -22.1546  -22.2011  -22.0992  -22.0257  -22.1611  -22.0986  -22.0419  
153  0.5  -29.4685  -23.8742  -22.7141  -25.9523  -22.9188  -22.1858  -24.4641  -22.2383  -21.8691  -23.1415  -22.0758  -21.8303  
154 -0.5  -23.4340  -23.4342  -23.4330  -23.4372  -23.4373  -23.4356  -23.4472  -23.4463  -23.4358  -23.4518  -23.4461  -23.4065  
154  0.0  -23.4108  -23.4233  -23.4286  -23.4186  -23.4276  -23.4300  -23.4329  -23.4371  -23.4122  -23.4435  -23.4414  -23.3569  
154  0.5  -23.3847  -23.3946  -23.4115  -23.3747  -23.3989  -23.4137  -23.3778  -23.4147  -23.3875  -23.4008  -23.3814  -23.3772  
155 -0.5  -22.4918  -22.4666  -22.4227  -22.2269  -22.2047  -22.1659  -22.0798  -22.0619  -22.0303  -22.0812  -22.0665  -22.0395  
155  0.0  -22.5495  -22.2017  -22.0203  -22.0697  -21.8684  -21.7547  -21.8011  -21.6993  -21.6257  -21.7612  -21.6986  -21.6420  
155  0.5  -29.0686  -23.4743  -22.3141  -25.5524  -22.5189  -21.7859  -24.0641  -21.8383  -21.4691  -22.7415  -21.6758  -21.4304  
156 -0.5  -23.2784  -23.2787  -23.2775  -23.2818  -23.2819  -23.2802  -23.2918  -23.2909  -23.2804  -23.2965  -23.2907  -23.2490  
156  0.0  -23.2545  -23.2674  -23.2729  -23.2626  -23.2718  -23.2744  -23.2771  -23.2815  -23.2561  -23.2878  -23.2858  -23.1965  
156  0.5  -23.2265  -23.2374  -23.2551  -23.2168  -23.2421  -23.2575  -23.2202  -23.2582  -23.2302  -23.2437  -23.2237  -23.2183  
157 -0.5  -23.1001  -23.1004  -23.0994  -23.1037  -23.1039  -23.1023  -23.1140  -23.1131  -23.1024  -23.1188  -23.1129  -23.0672  
157  0.0  -23.0747  -23.0883  -23.0943  -23.0834  -23.0931  -23.0960  -23.0984  -23.1031  -23.0769  -23.1094  -23.1074  -23.0100  
157  0.5  -23.0413  -23.0552  -23.0747  -23.0329  -23.0610  -23.0777  -23.0371  -23.0781  -23.0485  -23.0619  -23.0414  -23.0339  
158 -0.5  -22.3930  -22.0291  -21.5978  -22.4394  -22.0234  -21.6062  -22.4734  -22.0210  -21.6151  -22.4843  -22.0079  -21.6053  
158  0.0  -22.3774  -22.1002  -21.6339  -22.4314  -22.0805  -21.6405  -22.4691  -22.0781  -21.6503  -22.4858  -22.0723  -21.6376  
158  0.5  -22.2412  -22.2501  -21.8505  -22.3115  -22.2529  -21.7739  -22.3875  -22.2054  -21.6998  -22.4334  -22.1266  -21.6732  
159 -0.5  -22.9043  -22.9047  -22.9039  -22.9085  -22.9087  -22.9073  -22.9192  -22.9184  -22.9071  -22.9243  -22.9182  -22.8651  
159  0.0  -22.8757  -22.8908  -22.8978  -22.8859  -22.8966  -22.9000  -22.9019  -22.9070  -22.8793  -22.9135  -22.9116  -22.8001  
159  0.5  -22.8311  -22.8513  -22.8745  -22.8254  -22.8594  -22.8789  -22.8316  -22.8787  -22.8458  -22.8589  -22.8379  -22.8267  
160 -0.5  -22.6487  -22.6481  -22.6461  -22.6531  -22.6525  -22.6501  -22.6648  -22.6634  -22.6502  -22.6712  -22.6641  -22.5948  
160  0.0  -22.6202  -22.6383  -22.6463  -22.6334  -22.6456  -22.6493  -22.6513  -22.6569  -22.6245  -22.6638  -22.6620  -22.5243  
160  0.5  -22.5532  -22.5861  -22.6168  -22.5530  -22.5990  -22.6238  -22.5633  -22.6224  -22.5819  -22.5956  -22.5723  -22.5553  
161 -0.5  -23.9063  -23.9072  -23.9075  -23.9135  -23.9143  -23.9141  -23.9275  -23.9273  -23.9191  -23.9368  -23.9323  -23.9004  
161  0.0  -23.8619  -23.8841  -23.8955  -23.8787  -23.8940  -23.9005  -23.8995  -23.9073  -23.8875  -23.9142  -23.9145  -23.8452  
161  0.5  -23.7817  -23.8191  -23.8556  -23.7826  -23.8351  -23.8655  -23.7943  -23.8624  -23.8493  -23.8296  -23.8409  -23.8470  
162 -0.5  -23.7680  -23.7690  -23.7693  -23.7754  -23.7762  -23.7761  -23.7896  -23.7894  -23.7812  -23.7990  -23.7945  -23.7620  
162  0.0  -23.7225  -23.7453  -23.7570  -23.7398  -23.7554  -23.7622  -23.7609  -23.7689  -23.7489  -23.7759  -23.7763  -23.7052  
162  0.5  -23.6389  -23.6782  -23.7158  -23.6405  -23.6949  -23.7262  -23.6528  -23.7228  -23.7098  -23.6890  -23.7011  -23.7071  
163 -0.5  -23.6949  -23.6885  -23.6666  -23.7796  -23.7666  -23.7320  -23.8485  -23.8270  -23.7745  -23.8875  -23.8550  -23.7791  
163  0.0  -23.5636  -23.6016  -23.6179  -23.6734  -23.6939  -23.6897  -23.7586  -23.7628  -23.7298  -23.8062  -23.7982  -23.7271  
163  0.5  -23.2919  -23.3794  -23.4608  -23.3834  -23.4854  -23.5443  -23.4812  -23.5772  -23.5842  -23.5602  -23.5986  -23.6050  
164 -0.5  -22.3648  -22.3646  -22.3636  -22.3716  -22.3713  -22.3697  -22.3852  -22.3840  -22.3670  -22.3930  -22.3840  -22.2806  
164  0.0  -22.3240  -22.3478  -22.3595  -22.3429  -22.3586  -22.3646  -22.3648  -22.3721  -22.3281  -22.3795  -22.3780  -22.1959  
164  0.5  -22.2129  -22.2710  -22.3162  -22.2239  -22.2931  -22.3283  -22.2421  -22.3246  -22.2660  -22.2844  -22.2532  -22.2318  
165 -0.5  -23.6314  -23.6324  -23.6328  -23.6391  -23.6400  -23.6399  -23.6536  -23.6534  -23.6451  -23.6631  -23.6586  -23.6248  
165  0.0  -23.5839  -23.6076  -23.6199  -23.6021  -23.6183  -23.6254  -23.6238  -23.6321  -23.6118  -23.6391  -23.6396  -23.5656  
165  0.5  -23.4935  -23.5367  -23.5766  -23.4969  -23.5549  -23.5878  -23.5104  -23.5840  -23.5709  -23.5481  -23.5618  -23.5677  
166 -0.5  -23.6373  -23.5848  -23.4548  -23.7180  -23.6500  -23.5082  -23.7825  -23.7002  -23.5441  -23.8124  -23.7165  -23.5412  
166  0.0  -23.5503  -23.5372  -23.4321  -23.6437  -23.6066  -23.4831  -23.7197  -23.6619  -23.5054  -23.7612  -23.6876  -23.4843  
166  0.5  -23.3064  -23.4000  -23.4022  -23.4196  -23.4913  -23.4402  -23.5256  -23.5598  -23.4202  -23.6019  -23.5206  -23.4224  
167 -0.5  -23.4645  -23.4656  -23.4663  -23.4728  -23.4737  -23.4738  -23.4877  -23.4876  -23.4792  -23.4976  -23.4929  -23.4569  
167  0.0  -23.4138  -23.4390  -23.4523  -23.4336  -23.4507  -23.4583  -23.4563  -23.4650  -23.4441  -23.4721  -23.4727  -23.3940  
167  0.5  -23.3116  -23.3616  -23.4054  -23.3180  -23.3823  -23.4179  -23.3337  -23.4136  -23.4003  -23.3740  -23.3905  -23.3962  
168 -0.5  -23.2616  -23.2629  -23.2640  -23.2709  -23.2720  -23.2725  -23.2865  -23.2865  -23.2779  -23.2969  -23.2922  -23.2524  
168  0.0  -23.2058  -23.2334  -23.2483  -23.2280  -23.2466  -23.2553  -23.2525  -23.2619  -23.2400  -23.2693  -23.2700  -23.1838  
168  0.5  -23.0834  -23.1452  -23.1955  -23.0952  -23.1700  -23.2103  -23.1145  -23.2049  -23.1913  -23.1595  -23.1803  -23.1859  
169 -0.5  -24.0759  -24.0774  -24.0790  -24.0862  -24.0875  -24.0885  -24.1031  -24.1033  -24.0958  -24.1149  -24.1107  -24.0796  
169  0.0  -24.0145  -24.0446  -24.0611  -24.0390  -24.0592  -24.0690  -24.0651  -24.0755  -24.0565  -24.0830  -24.0845  -24.0151  
169  0.5  -23.8824  -23.9482  -24.0027  -23.8954  -23.9754  -24.0193  -23.9161  -24.0129  -24.0064  -23.9632  -23.9951  -24.0074  
170 -0.5  -23.9230  -23.9245  -23.9263  -23.9337  -23.9351  -23.9362  -23.9509  -23.9512  -23.9436  -23.9629  -23.9586  -23.9265  
170  0.0  -23.8592  -23.8904  -23.9076  -23.8848  -23.9057  -23.9160  -23.9118  -23.9225  -23.9029  -23.9301  -23.9316  -23.8596  
170  0.5  -23.7168  -23.7888  -23.8464  -23.7327  -23.8181  -23.8641  -23.7553  -23.8573  -23.8508  -23.8047  -23.8390  -23.8517  
171 -0.5  -23.0724  -23.0734  -23.0743  -23.0827  -23.0834  -23.0839  -23.0995  -23.0993  -23.0898  -23.1109  -23.1056  -23.0599  
171  0.0  -23.0123  -23.0435  -23.0604  -23.0384  -23.0589  -23.0687  -23.0654  -23.0756  -23.0513  -23.0835  -23.0843  -22.9878  
171  0.5  -22.8580  -22.9388  -22.9993  -22.8787  -22.9703  -23.0176  -22.9041  -23.0109  -22.9959  -22.9562  -22.9833  -22.9894  
172 -0.5  -29.7989  -29.7883  -29.7849  -27.6397  -27.6294  -27.6234  -26.4821  -26.4746  -26.4708  -25.2285  -25.2238  -25.2199  
172  0.0  -30.0000  -29.8009  -29.4037  -27.4551  -27.3196  -27.2604  -26.2332  -26.1770  -26.1455  -24.9720  -24.9473  -24.9196  
172  0.5  -30.0000  -30.0000  -30.0000  -28.9530  -27.4800  -27.0889  -27.2306  -26.0747  -25.9009  -25.2291  -24.8457  -24.7317  
173 -0.5  -23.7632  -23.7649  -23.7669  -23.7746  -23.7760  -23.7775  -23.7922  -23.7925  -23.7848  -23.8044  -23.8000  -23.7663  
173  0.0  -23.6960  -23.7288  -23.7471  -23.7234  -23.7452  -23.7561  -23.7515  -23.7626  -23.7422  -23.7704  -23.7720  -23.6961  
173  0.5  -23.5382  -23.6196  -23.6820  -23.5586  -23.6520  -23.7013  -23.5842  -23.6939  -23.6872  -23.6371  -23.6746  -23.6879  
174 -0.5  -23.3119  -23.3046  -23.2734  -23.5902  -23.5757  -23.5090  -23.9141  -23.8788  -23.7461  -24.2945  -24.2208  -23.9793  
174  0.0  -22.9898  -22.9439  -22.8854  -23.2705  -23.2412  -23.1744  -23.6410  -23.6186  -23.5190  -24.0448  -24.0296  -23.9311  
174  0.5  -23.4227  -22.7525  -22.5528  -23.2698  -22.9484  -22.8321  -23.4618  -23.2751  -23.2061  -23.7991  -23.6779  -23.6381  
175 -0.5  -23.5950  -23.5968  -23.5992  -23.6070  -23.6086  -23.6104  -23.6251  -23.6255  -23.6176  -23.6374  -23.6328  -23.5973  
175  0.0  -23.5244  -23.5588  -23.5783  -23.5537  -23.5764  -23.5881  -23.5831  -23.5946  -23.5729  -23.6027  -23.6042  -23.5238  
175  0.5  -23.3469  -23.4408  -23.5091  -23.3735  -23.4773  -23.5302  -23.4031  -23.5223  -23.5148  -23.4604  -23.5015  -23.5155  
176 -0.5  -30.0000  -30.0000  -30.0000  -30.0000  -30.0000  -30.0000  -26.7727  -26.7672  -26.7813  -24.9466  -24.9427  -24.9537  
176  0.0  -30.0000  -30.0000  -30.0000  -30.0000  -29.7222  -29.7077  -26.5739  -26.5191  -26.5158  -24.7883  -24.7618  -24.7436  
176  0.5  -30.0000  -30.0000  -30.0000  -30.0000  -30.0000  -29.8575  -30.0000  -26.4856  -26.3526  -25.1370  -24.7911  -24.6795  
177 -0.5  -23.0048  -23.0022  -23.0173  -22.9886  -22.9870  -23.0064  -23.0056  -23.0053  -23.0285  -23.1079  -23.1088  -23.1351  
177  0.0  -22.6404  -22.5820  -22.5690  -22.5917  -22.5570  -22.5612  -22.5882  -22.5714  -22.5863  -22.6776  -22.6686  -22.6908  
177  0.5  -23.1108  -22.4115  -22.2506  -22.6736  -22.2897  -22.2049  -22.5156  -22.2242  -22.1924  -22.4618  -22.2750  -22.2675  
178 -0.5  -24.7940  -24.8047  -24.9659  -23.6847  -23.6991  -23.8707  -22.8180  -22.8369  -23.0144  -22.2722  -22.2926  -22.4694  
178  0.0  -24.5588  -24.4004  -24.4994  -23.3361  -23.2590  -23.4052  -22.3643  -22.3581  -22.5333  -21.7734  -21.7864  -21.9710  
178  0.5  -25.5595  -24.5411  -24.3865  -24.1242  -23.2404  -23.1675  -22.8182  -22.0788  -22.1841  -21.6820  -21.4249  -21.5841  
179 -0.5  -24.0300  -24.0319  -24.0347  -24.0426  -24.0443  -24.0463  -24.0611  -24.0615  -24.0538  -24.0736  -24.0691  -24.0359  
179  0.0  -23.9567  -23.9923  -24.0127  -23.9874  -24.0108  -24.0231  -24.0178  -24.0296  -24.0080  -24.0379  -24.0394  -23.9623  
179  0.5  -23.7674  -23.8686  -23.9405  -23.7976  -23.9075  -23.9630  -23.8295  -23.9545  -23.9486  -23.8894  -23.9348  -23.9513  
180 -0.5  -22.5486  -22.5315  -22.4549  -22.8514  -22.8246  -22.7067  -23.1844  -23.1374  -22.9565  -23.5753  -23.4881  -23.1546  
180  0.0  -22.2222  -22.1919  -22.1168  -22.5239  -22.4995  -22.4078  -22.8952  -22.8759  -22.7433  -23.3411  -23.3258  -23.1081  
180  0.5  -22.2245  -21.8621  -21.7361  -22.2217  -22.0764  -21.9963  -22.4427  -22.3674  -22.3263  -22.7872  -22.7617  -22.7197  
181 -0.5  -29.4672  -29.4728  -29.5954  -26.0080  -26.0104  -26.1264  -24.4165  -24.4204  -24.5339  -23.2187  -23.2227  -23.3250  
181  0.0  -30.0000  -29.0499  -29.1600  -25.6588  -25.6064  -25.7245  -24.0599  -24.0442  -24.1756  -22.8908  -22.8866  -23.0090  
181  0.5  -30.0000  -30.0000  -30.0000  -26.5960  -25.5179  -25.4616  -24.6828  -23.8175  -23.9272  -22.9290  -22.7355  -22.8496  
182 -0.5  -22.2742  -22.2720  -22.2829  -22.2504  -22.2487  -22.2649  -22.2491  -22.2481  -22.2693  -22.2784  -22.2782  -22.3040  
182  0.0  -21.9186  -21.8751  -21.8599  -21.8581  -21.8347  -21.8356  -21.8392  -21.8235  -21.8391  -21.8531  -21.8442  -21.8705  
182  0.5  -22.3359  -21.7178  -21.5552  -21.8866  -21.5456  -21.4852  -21.6940  -21.4582  -21.4486  -21.5783  -21.4342  -21.4474  
183 -0.5  -22.9125  -22.8793  -23.0896  -22.6952  -22.6678  -22.9158  -22.5866  -22.5641  -22.8279  -22.6184  -22.5987  -22.8680  
183  0.0  -22.5596  -22.4196  -22.6087  -22.2723  -22.1798  -22.4318  -22.1158  -22.0603  -22.3439  -22.1292  -22.0879  -22.3871  
183  0.5  -23.0034  -22.3019  -22.3716  -22.4200  -21.9556  -22.1273  -22.0798  -21.7055  -21.9673  -21.9020  -21.6698  -21.9759  
184 -0.5  -24.1815  -24.1850  -24.2551  -24.1620  -24.1674  -24.2484  -24.1757  -24.1828  -24.2707  -24.2754  -24.2838  -24.3752  
184  0.0  -23.8409  -23.7779  -23.8180  -23.7816  -23.7485  -23.8156  -23.7718  -23.7601  -23.8433  -23.8580  -23.8556  -23.9477  
184  0.5  -24.6012  -23.6845  -23.5503  -24.0259  -23.5318  -23.5001  -23.8132  -23.4450  -23.4813  -23.7156  -23.4872  -23.5539  
185 -0.5  -25.1000  -25.1576  -25.5412  -23.4513  -23.5164  -23.9178  -22.4504  -22.5230  -22.9382  -21.9746  -22.0495  -22.4621  
185  0.0  -25.0099  -24.8830  -25.1868  -23.2499  -23.2140  -23.5765  -22.1569  -22.2015  -22.6030  -21.6561  -21.7224  -22.1315  
185  0.5  -25.7941  -25.0159  -25.0988  -23.9272  -23.2350  -23.3865  -22.5017  -22.0029  -22.3493  -21.5690  -21.5170  -21.9018  
186 -0.5  -22.6560  -22.7284  -22.9015  -22.9262  -22.9940  -23.1333  -23.2313  -23.2794  -23.3123  -23.5118  -23.5000  -22.9624  
186  0.0  -21.6878  -21.7957  -22.0385  -21.9537  -22.0925  -22.3270  -22.3659  -22.4806  -22.4942  -22.7820  -22.8477  -22.1959  
186  0.5  -21.2887  -21.1539  -21.4105  -21.3282  -21.3427  -21.7229  -21.6343  -21.7486  -21.9040  -22.0609  -22.0446  -21.9877  
187 -0.5  -22.7216  -22.9467  -23.5827  -22.5218  -22.7749  -23.4653  -22.4250  -22.6883  -23.3991  -22.4660  -22.7349  -23.4351  
187  0.0  -22.3295  -22.5041  -23.1989  -22.0690  -22.3075  -23.0835  -21.9284  -22.2073  -23.0257  -21.9510  -22.2480  -23.0847  
187  0.5  -22.5395  -22.3942  -23.0071  -22.1078  -22.1129  -22.8377  -21.8195  -21.8847  -22.7192  -21.6740  -21.8823  -22.7515  
188 -0.5  -21.0003  -21.1967  -21.5991  -21.1931  -21.4204  -21.8104  -21.4275  -21.6460  -21.8908  -21.6315  -21.7607  -21.7197  
188  0.0  -20.5223  -20.7707  -21.2838  -20.6568  -20.9926  -21.5359  -20.8836  -21.2679  -21.5970  -21.1837  -21.5189  -21.4348  
188  0.5  -20.3164  -20.5064  -21.0442  -20.3726  -20.6676  -21.2966  -20.4670  -20.8536  -21.2358  -20.6512  -20.9865  -21.3207  
189 -0.5  -23.3337  -23.3922  -23.5200  -23.6149  -23.6681  -23.7611  -23.9475  -23.9807  -23.9951  -24.3055  -24.3007  -23.9733  
189  0.0  -22.3680  -22.4470  -22.6118  -22.6284  -22.7368  -22.8836  -23.0472  -23.1295  -23.2258  -23.4809  -23.5475  -22.6015  
189  0.5  -22.1642  -21.8226  -21.9297  -22.0932  -21.9679  -22.1784  -22.3512  -22.3491  -22.3801  -22.7533  -22.7562  -22.3028  
190 -0.5  -23.3251  -23.3260  -23.3648  -23.3014  -23.3035  -23.3528  -23.3006  -23.3037  -23.3594  -23.3306  -23.3343  -23.3918  
190  0.0  -22.9827  -22.9346  -22.9466  -22.9140  -22.8907  -22.9276  -22.8904  -22.8786  -22.9318  -22.9034  -22.8989  -22.9606  
190  0.5  -23.6029  -22.8226  -22.6744  -23.0442  -22.6319  -22.6018  -22.8093  -22.5317  -22.5588  -22.6676  -22.5015  -22.5523  
191 -0.5  -23.2483  -23.3227  -23.9198  -22.4326  -22.5168  -23.1284  -22.0588  -22.1479  -22.7642  -21.9505  -22.0426  -22.6569  
191  0.0  -22.9398  -22.9451  -23.5127  -22.0856  -22.1303  -22.7326  -21.6608  -21.7434  -22.3655  -21.5350  -21.6359  -22.2603  
191  0.5  -23.1393  -22.7732  -23.2757  -22.1501  -21.9285  -22.4542  -21.5303  -21.4287  -22.0245  -21.2802  -21.2891  -21.9013  
192 -0.5  -24.2762  -24.6519  -25.4725  -23.4716  -23.8582  -24.6874  -23.0945  -23.4827  -24.3173  -23.0308  -23.4162  -24.2520  
192  0.0  -23.6893  -23.9730  -24.7373  -22.8002  -23.1464  -23.9512  -22.3335  -22.7301  -23.5626  -22.2366  -22.6436  -23.4841  
192  0.5  -23.3754  -23.5088  -24.1565  -22.5371  -22.6230  -23.2819  -21.8524  -22.0139  -22.7890  -21.5554  -21.8584  -22.6686  
193 -0.5  -22.4113  -22.4126  -22.4439  -22.6358  -22.6210  -22.5897  -22.7793  -22.7241  -22.4945  -22.7757  -22.6155  -22.2694  
193  0.0  -22.3608  -22.3169  -22.3386  -22.6355  -22.6033  -22.5619  -22.9367  -22.8564  -22.2245  -23.1195  -22.8540  -22.0077  
193  0.5  -22.6139  -22.3295  -22.2285  -22.7903  -22.5846  -22.4807  -23.0395  -22.9001  -21.8339  -23.3175  -21.8160  -21.9390  
194 -0.5  -23.1545  -23.7284  -24.8084  -22.3492  -22.9390  -24.0264  -21.9810  -22.5723  -23.6640  -21.8812  -22.4668  -23.5553  
194  0.0  -22.8529  -23.3699  -24.4032  -22.0085  -22.5730  -23.6330  -21.5913  -22.1906  -23.2675  -21.4856  -22.0881  -23.1594  
194  0.5  -23.0522  -23.2662  -24.1741  -22.1266  -22.4413  -23.3630  -21.5344  -21.9306  -22.9327  -21.3145  -21.7955  -22.8022  
195 -0.5  -23.5669  -24.1666  -25.0182  -23.6795  -24.3131  -25.1280  -23.9670  -24.5901  -25.2712  -24.3398  -24.9146  -25.3472  
195  0.0  -22.8833  -23.4300  -24.2920  -22.9362  -23.5546  -24.4346  -23.1870  -23.8310  -24.6697  -23.5529  -24.1782  -24.9007  
195  0.5  -22.2807  -22.7691  -23.5870  -22.3072  -22.8606  -23.7089  -22.4774  -23.0965  -23.9490  -22.8146  -23.4552  -24.2615  
196 -0.5  -23.4883  -23.5272  -23.7002  -23.7377  -23.7556  -23.8311  -23.9283  -23.8951  -23.6397  -23.9843  -23.7902  -23.2492  
196  0.0  -23.4355  -23.4261  -23.5968  -23.7076  -23.7228  -23.8052  -24.0358  -24.0115  -23.2119  -24.2844  -24.0550  -22.9642  
196  0.5  -23.7688  -23.5044  -23.4931  -23.9468  -23.7475  -23.7260  -24.2155  -24.0697  -22.7497  -24.5131  -22.6818  -22.8831  
197 -0.5  -22.7193  -23.1659  -23.8789  -22.8571  -23.2589  -23.9000  -22.9083  -23.2565  -23.6475  -22.8550  -23.1797  -23.4080  
197  0.0  -22.1476  -22.6837  -23.4035  -22.3625  -22.8829  -23.5171  -22.5700  -22.9978  -23.1144  -22.6625  -23.0204  -23.0046  
197  0.5  -21.7927  -22.3855  -23.1133  -22.0228  -22.6293  -23.2636  -22.2696  -22.8567  -22.7201  -22.5023  -22.4369  -22.9010  
198 -0.5  -23.9982  -24.9794  -25.9655  -24.1479  -25.1327  -26.0475  -24.4338  -25.3456  -26.0964  -24.7694  -25.5154  -26.0721  
198  0.0  -23.3119  -24.2653  -25.2544  -23.4136  -24.4100  -25.3897  -23.6763  -24.6617  -25.5185  -24.0265  -24.8911  -25.6480  
198  0.5  -22.7267  -23.5941  -24.5398  -22.8251  -23.7213  -24.6661  -23.0284  -23.9642  -24.8427  -23.3692  -24.2293  -25.0951  
